10.47286
28.12444
15.80801
12.40577
15.92913
15.12286
18.43057
13.8926
13.08021
25.10807
29.15741
20.1356
23.3133
20.98697
23.52054
10.92541
16.06839
18.37429
17.275
25.68941
23.40815
15.16354
19.21445
19.98694
6.785574
20.72847
30.60177
31.0252
21.48109
22.74915
21.34248
26.23597
24.94299
14.69628
13.1443
24.95278
28.53829
13.02356
15.86582
13.48883
23.84292
21.54209
20.82894
19.47674
21.95339
6.950447
12.29699
16.37972
19.34045
18.86267
22.52794
17.18887
29.46365
16.07536
19.30745
26.26788
21.92529
16.61943
18.34675
17.95492
15.2973
23.59432
16.54043
18.37939
24.56227
19.75084
18.73734
19.93026
26.86802
28.66317
24.26641
18.16721
23.24977
23.98237
18.15478
16.69089
21.93537
17.78884
14.64844
17.26752
22.68499
22.15885
22.49265
17.55968
18.80317
28.00401
28.42182
21.90275
23.99614
17.92246
17.12338
17.00027
19.80683
22.88468
27.50021
19.98378
23.67834
25.26823
24.43282
26.6275
17.56332
14.66488
15.45733
26.28069
18.37711
20.94835
19.89426
24.04634
19.20834
21.7796
16.38205
30.09336
14.16309
18.75344
23.58762
17.68775
25.3677
24.34143
17.41836
20.13088
24.75287
20.22125
15.70167
28.34959
15.43958
19.26453
16.9676
11.62098
22.39178
20.35094
27.79906
29.972
17.45123
13.94442
23.69622
21.83226
20.17701
29.10469
19.39776
17.40091
20.33948
15.36512
23.47481
25.69599
20.56183
19.60169
22.79121
16.55401
11.15665
24.34898
11.95405
16.671
19.05739
20.13699
21.79316
20.4422
17.06563
28.46314
18.39354
24.2878
15.55019
21.1248
21.44969
9.648433
17.41144
16.17901
28.42792
13.39524
10.4555
23.92548
27.62558
20.58815
14.09375
13.39801
20.54191
21.88274
22.77624
20.14115
20.51433
17.12958
18.20167
15.97743
8.262342
15.65105
22.22207
22.14119
21.84888
21.94794
17.51097
21.812
13.05326
22.62021
28.04717
23.82011
14.04861
17.7301
21.48667
17.6759
9.575444
16.6824
25.75857
27.30941
14.59405
16.26385
4.40345
18.31092
22.88009
21.72335
27.9499
11.69831
19.1605
19.61969
17.87229
8.417978
21.02282
20.32517
13.52533
22.85004
13.29268
23.35977
12.69783
21.97355
23.22185
21.60929
14.83165
17.56066
12.39713
23.26345
14.95574
22.75502
11.77928
21.1653
24.66673
17.05719
32.88391
18.82502
14.34267
25.47593
22.97367
28.28729
16.82181
23.32406
20.26574
17.56171
21.8568
22.76996
21.79327
24.3289
6.464531
20.73574
17.01269
21.89513
22.8632
17.65541
26.74809
16.62868
38.0499
17.77874
24.45856
22.13889
9.660808
13.99879
22.66125
25.73312
18.99727
14.566
16.21834
16.33334
9.287581
26.97272
23.90212
23.60164
14.23154
22.00592
29.22699
18.84651
13.33472
20.6906
22.63118
19.51207
13.07435
18.7168
22.43938
17.71494
16.90805
21.97508
16.50686
17.27066
14.14792
21.96765
19.86067
16.25749
19.48348
17.2796
18.84068
18.94143
22.11612
15.82813
19.8956
15.73149
27.25263
22.38828
19.13982
22.95133
16.09456
18.52967
16.16406
20.7893
18.31893
18.3815
26.86375
28.7555
20.40045
23.48049
9.987899
21.48617
18.56331
19.46285
18.98558
16.89429
17.05059
20.7037
17.70642
15.27042
27.28047
22.1472
19.13549
21.7445
18.40625
21.56285
23.18319
19.98758
12.51309
28.21128
18.24752
18.40024
20.59547
27.73299
13.03418
10.28409
15.30744
16.42965
19.65548
19.23397
22.58517
19.29097
20.90094
19.19057
20.1206
10.88518
24.04728
23.93554
19.389
19.97774
17.80435
21.09245
19.04457
22.6897
29.28909
8.003227
24.68168
26.35013
18.22006
18.13052
17.02568
24.53804
21.47376
23.40391
13.28343
21.49324
24.2871
12.87642
15.30316
18.70845
23.46508
11.8794
20.01606
12.18137
14.83076
18.92769
11.93488
14.44471
20.18511
18.75643
16.55971
18.14923
18.71215
30.41815
26.73333
26.33925
13.89743
30.25374
23.03397
16.51977
24.68122
23.76912
25.37039
29.88752
18.32723
23.09728
22.68163
22.54412
29.43605
23.748
23.49684
28.27002
22.28342
13.924
17.23129
27.15478
16.44279
21.2468
27.91631
23.20078
10.02955
14.73645
17.19713
20.17956
27.93522
19.22371
20.71906
13.12168
21.61914
26.62829
13.63329
24.22339
21.56289
17.7046
17.0179
20.97583
18.12159
24.35872
15.37941
18.74755
26.00958
14.01085
24.87763
12.66034
15.48364
22.78434
21.47409
11.30496
26.49173
31.19581
22.79766
13.33695
20.09902
21.6418
19.98483
29.82849
15.05796
19.7108
22.90525
17.29296
20.41707
23.44349
16.94195
14.17532
23.37606
35.27659
20.59626
22.46829
15.68343
16.05823
15.65609
15.15791
23.37167
29.3315
21.23083
19.54684
15.81381
23.45514
26.93642
17.98207
20.06232
23.54353
18.293
13.91685
17.86286
16.54571
18.04436
24.96208
14.67362
27.65346
18.8267
27.74994
16.01135
17.40033
21.05874
18.32998
18.80767
25.7118
17.08162
21.40118
10.51783
18.45021
23.84569
23.31731
23.96971
30.21149
20.5861
20.02809
12.52486
21.05981
17.8085
22.73591
13.13187
25.00104
19.91217
17.29277
30.17162
18.54447
24.71476
17.76994
15.76167
15.27604
20.02763
22.49525
21.51121
20.12697
25.20787
18.75787
24.88102
23.99664
28.04668
22.96113
15.89996
22.6223
17.06001
24.02431
19.81813
17.41333
20.301
22.57716
17.29582
15.10266
25.32311
18.4847
20.11259
20.75493
20.23343
13.52732
22.20027
18.81716
18.13018
20.02765
9.18833
24.20079
21.94603
17.97645
15.46285
13.01075
17.40234
23.23429
22.6676
30.63625
22.81408
24.67874
26.30781
17.25381
19.97717
17.77106
20.19701
22.05108
11.33837
17.86965
21.23687
27.60793
14.42746
22.69081
18.23808
17.94445
19.12006
10.60709
12.14932
32.95122
24.2558
14.95447
23.30613
19.46433
24.39821
22.49063
21.35758
17.62533
31.78665
25.53948
16.14863
17.99269
21.62125
26.33106
21.21556
29.92245
22.7086
20.79577
16.58088
17.24535
15.92778
29.52982
18.84941
20.92307
22.4432
12.15825
20.67071
20.73759
20.32999
7.702216
29.79922
10.85723
15.12236
19.43679
21.72127
18.4912
29.09047
23.32791
19.59433
22.22961
34.35068
15.64786
29.08212
16.8912
21.73553
12.05172
27.49571
19.17213
23.17807
10.82992
19.96074
19.4099
15.35272
24.5477
28.40069
25.77975
12.40389
20.42412
15.99605
29.0152
15.43311
21.10127
21.87548
13.12555
9.507431
23.71209
17.79654
24.30047
22.47515
9.688256
16.99061
14.58841
15.72304
29.70486
26.89836
12.56517
11.78792
18.77402
17.27425
17.39281
20.95989
16.80644
26.88505
18.09479
20.94942
15.01375
27.52965
25.62769
24.39221
21.85126
25.32991
29.21288
23.09691
28.09891
22.21579
23.66096
19.03611
18.69397
21.10944
21.15947
15.99614
26.02755
18.48853
25.74961
16.78226
9.552661
20.14291
22.7469
14.96931
27.09633
16.87191
16.33203
25.10737
9.382799
21.8686
17.56144
22.09919
41.94926
23.0476
23.97275
12.98368
19.29046
23.766
33.55741
12.00194
23.59492
21.69694
17.17494
14.72145
20.22958
20.67633
17.1664
19.38469
14.49561
23.65704
19.10856
19.56998
17.26793
10.58221
15.15839
22.80433
19.44427
14.91573
12.6482
24.49933
29.11604
19.56177
21.83676
16.11996
19.72518
23.71558
16.33746
11.88741
11.67621
26.2226
19.64156
23.71129
20.86761
20.17552
20.40819
10.50962
14.7606
18.35493
23.25167
18.37279
15.13722
20.92077
28.80038
14.18377
13.5911
12.79519
12.94807
14.46293
22.5971
27.96225
22.44687
19.37949
14.65092
20.20957
22.86602
18.80291
16.97915
12.35365
24.14893
25.56939
20.87906
18.88509
20.66406
19.33529
27.08176
16.05503
23.46549
27.20002
22.2926
18.41959
25.91948
9.337624
16.25467
20.56822
31.35304
17.46359
17.10652
24.57718
34.72648
17.32109
27.59214
13.73896
33.98866
20.75498
16.91191
26.72092
17.17659
37.14372
25.48094
29.06465
20.98325
8.506904
21.58015
21.50087
16.49557
16.61786
23.39576
13.74543
17.75288
14.75985
17.21514
19.04591
16.94446
20.91183
14.14309
18.66399
29.45987
28.07903
19.71094
22.38259
15.47414
26.6519
26.01353
19.32919
20.30395
22.74485
22.52314
21.75701
13.47057
22.6604
21.94512
14.58296
24.32192
21.99606
6.820187
23.33355
20.98121
12.65715
26.16752
12.11695
22.38679
21.72989
21.4212
18.61849
20.54037
19.87503
21.09504
29.91549
22.17647
31.07889
21.54489
18.21901
14.79865
20.06675
8.490968
21.63317
21.53713
17.44461
18.66321
21.08857
15.2814
25.90247
13.90071
23.66968
13.90439
13.6497
17.11698
19.72752
17.36531
25.45558
21.39066
16.46072
18.76453
19.24052
22.36767
17.00391
28.08267
20.97662
19.92175
12.20403
15.06338
21.04857
20.98062
19.89524
15.40578
16.06719
22.63301
14.50727
24.78023
20.42929
23.45762
17.31399
21.78555
15.19078
15.78075
18.11055
20.71854
21.46215
16.35721
13.50627
17.33605
16.1018
23.20269
20.34463
28.74845
11.02792
6.67354
22.62551
28.69301
21.9305
12.74637
22.98885
19.09378
17.9428
24.5584
22.30486
23.49775
13.62046
23.13163
23.3748
12.65881
16.81093
17.242
23.90492
23.30368
24.77814
10.99201
25.10669
21.37552
16.98006
20.11491
24.30197
22.00427
17.74453
17.8698
10.71352
8.700122
20.89243
13.39132
23.42663
20.86114
19.76232
22.66171
25.30128
17.12073
18.37918
18.1648
11.97644
24.75331
17.24231
19.94074
25.4745
24.92108
26.52468
23.54326
21.08667
26.03874
12.96066
23.54238
17.80983
24.57208
11.02669
12.72885
16.50382
17.74733
16.3353
25.07335
23.05073
17.98537
15.72189
15.30466
17.77701
18.12352
18.83846
27.70481
23.18953
19.55581
16.42708
25.85378
15.02908
18.99392
18.52306
23.45889
17.66688
21.07937
23.32106
15.40673
20.70316
15.33989
16.74267
16.22854
20.81071
19.57198
12.46574
16.05531
20.04374
17.69281
20.62048
15.36524
27.88975
10.14948
18.51717
24.72659
21.16965
23.74232
21.85065
23.83097
6.182068
19.20275
13.37288
26.3612
16.46219
22.39534
18.95125
20.74792
13.93001
21.84197
24.13235
21.53785
13.44146
24.7043
20.83223
23.24785
18.02714
23.92987
15.10621
22.48831
21.08548
27.39919
29.13452
20.75949
21.53599
25.52454
30.38623
27.99013
21.33276
25.35653
11.18549
23.00428
19.35089
24.92398
20.25736
24.13889
25.16609
13.13675
19.16446
24.36412
20.6488
19.5015
21.4057
16.06165
16.65364
23.34536
19.0313
16.33029
19.41276
18.94296
20.33147
22.20976
18.9396
16.749
18.88625
17.10036
29.83434
20.40678
11.30685
19.9469
14.95913
20.43896
26.55637
20.26033
31.7608
5.704879
18.29056
22.37106
18.88427
16.78628
31.06717
11.39082
30.3257
15.15797
23.57618
23.2076
17.79736
20.57163
9.941451
18.45384
15.30225
22.64641
17.12382
22.23343
19.74812
22.35132
25.67335
33.45608
24.15343
22.3124
18.86824
29.49613
21.30598
26.4098
20.87874
22.39074
16.57349
21.17021
18.3501
25.08835
18.72522
19.57872
6.590877
22.76129
23.99314
25.45399
16.39868
22.28862
25.13115
22.25113
20.75615
15.2927
9.865776
20.76999
15.0889
21.14454
19.39632
20.79444
19.07173
11.68793
22.5304
30.01989
15.73332
22.92132
18.57388
17.93953
22.60953
16.32612
22.86388
16.86094
19.1294
18.66512
22.88361
26.43006
21.08785
14.60075
26.44665
18.86784
25.18899
19.1212
26.17277
14.75585
21.3247
18.8936
23.16351
19.46606
24.56441
13.42218
15.75521
13.92598
26.33613
17.54846
13.45056
26.14606
18.63162
13.99695
18.56947
22.54414
32.75413
20.26353
24.02698
19.6213
23.07943
19.02837
22.37575
25.80121
10.8471
13.97853
12.25776
19.93919
28.42256
20.43207
8.519271
17.67756
18.57915
15.93827
22.18851
20.17645
18.7091
27.78552
19.39456
28.5463
23.73855
29.84133
23.40004
37.36379
20.41157
21.65121
18.90415
19.14122
19.47016
15.12961
16.94475
25.05034
24.33418
12.28061
28.06342
23.59926
12.48323
15.63784
20.03637
12.84757
25.72977
22.18626
18.50842
26.63717
11.65384
19.76727
22.64651
24.41845
15.40846
13.84869
26.31052
18.79382
16.29113
5.679188
13.83136
27.5722
24.74043
25.1415
19.2667
18.53842
26.21374
13.6369
13.99308
19.51156
19.95128
20.72114
23.55052
20.1312
20.05862
13.88204
24.40489
24.47158
17.87216
28.012
23.35156
20.94064
24.46751
17.54914
22.17555
20.72514
20.89584
21.40955
21.43648
25.23072
12.31946
18.98897
21.12095
22.02261
13.81896
18.89487
18.42156
19.84488
21.20427
23.00155
21.67133
13.46736
3.611377
18.43069
20.13221
23.53321
23.49601
21.36171
30.48212
26.92565
27.57995
23.96284
19.44101
21.36529
22.67419
21.80926
9.258146
14.67331
24.63012
20.52172
19.64978
21.09828
16.14653
30.61183
29.66127
24.70164
16.58045
9.809097
20.68141
17.20136
14.54963
2.657701
20.49474
16.46582
24.62311
23.1059
20.58574
19.79606
32.70431
21.37336
16.81436
23.52361
23.85768
12.11325
21.21718
21.30118
21.90042
23.99134
16.46616
8.853174
25.91041
20.82043
20.01567
24.85711
14.25352
16.32042
18.14325
14.65482
14.57989
22.22378
25.23355
13.36483
23.00257
29.29127
25.77968
28.61282
27.60735
25.08583
22.27392
22.01213
34.80343
20.27772
17.89581
19.62201
27.3061
21.25106
17.03545
24.88636
24.27286
5.202053
21.92397
19.61193
20.72865
23.20024
24.82353
23.46246
20.41818
21.67797
18.74619
23.8624
27.85213
23.22178
26.3493
25.33149
14.67633
22.73991
22.22515
22.56027
28.64422
13.84616
17.41428
31.58597
22.83992
27.47743
21.3086
24.77655
23.52228
10.26973
23.88199
22.43885
9.429008
26.18212
24.35812
34.8496
23.79312
16.56131
22.23376
26.0406
24.3311
28.06451
15.12217
22.82845
21.85746
17.18105
21.43774
22.94667
22.21219
16.27025
15.2618
12.61906
19.29478
14.39035
18.49532
17.97135
27.52713
24.10604
22.0907
19.23785
15.28628
32.4423
20.52647
21.84457
19.43453
22.76134
23.83473
11.72295
20.12082
19.13863
21.11801
22.57793
19.06869
23.41323
26.15949
29.15746
18.85032
21.78956
20.07792
9.108888
22.80183
16.52437
17.21316
17.09367
18.68291
8.270761
21.46343
21.46715
14.32343
13.13524
17.1524
17.68721
21.63988
26.2468
17.4846
16.53084
25.68637
17.86509
21.648
16.49494
21.98448
27.21569
8.517796
26.90542
24.31361
13.8377
18.30642
15.07944
16.51313
27.95749
22.36001
24.4234
15.62522
25.13191
20.30564
21.33642
24.33089
13.68604
22.97352
21.89594
19.99757
20.72632
25.8184
18.6883
13.47057
19.48456
25.48936
13.78015
18.92573
7.140389
21.78149
19.04045
26.15333
15.4433
13.78489
28.98089
21.20067
22.02076
29.60683
32.7078
24.79995
16.63219
23.05999
22.19282
19.02519
19.87758
16.36757
15.35673
21.46359
16.97188
20.19116
19.33134
19.67832
20.87646
19.8566
16.76065
20.67556
22.26639
17.77033
22.91996
13.02162
20.55836
28.81834
21.34799
19.49892
22.0446
7.093061
14.7699
22.84598
17.60386
14.96997
16.36434
24.7505
18.35786
28.35819
21.7536
26.31332
25.62599
21.14067
19.35026
14.67919
19.21367
24.97448
24.99837
25.9441
19.52036
9.62433
19.23981
30.25148
21.74525
28.77301
20.34811
28.44328
22.06078
24.35227
26.42319
13.03667
17.05622
27.6634
26.81023
24.20535
24.6068
26.35969
18.44647
19.50373
24.91811
24.13102
14.24869
13.35221
21.86725
20.85983
18.73229
20.4941
19.36429
11.46391
18.99411
12.54301
19.34805
15.06248
18.7535
15.90785
15.5754
21.76048
30.89833
19.37612
24.67502
26.29414
22.32668
21.67867
26.53983
24.15873
24.83238
20.64897
21.76375
14.27092
20.93687
24.73862
18.00608
20.12863
17.84829
16.76137
19.9585
16.64467
17.01461
13.06631
17.51703
22.82133
23.3421
22.9795
24.22516
26.38488
25.78205
18.31093
5.869114
13.82001
17.31382
19.36809
20.03694
35.41673
24.816
26.04762
19.74734
16.2172
19.42663
22.63752
21.35157
24.44944
22.4346
16.75735
23.36677
23.8096
26.11869
20.59143
23.19674
17.31581
36.77219
25.05047
6.500912
24.42623
28.46719
13.24427
25.49735
20.11887
24.41878
17.44431
28.0563
27.04497
19.42543
17.15339
21.90169
20.78017
9.921386
18.1433
17.5385
12.84457
24.45683
23.20216
27.71119
15.09237
19.65058
18.63954
26.68593
18.67066
28.51331
26.25323
29.74345
15.40347
22.95069
14.74723
25.28046
18.9683
17.37559
15.6046
19.33826
15.08401
19.95943
14.40493
15.50861
11.06867
9.186686
25.41118
13.61464
27.70781
22.77065
15.56588
17.36698
13.94873
12.51261
20.51503
19.99266
20.84656
18.86693
24.07471
16.16016
23.72347
13.21946
20.58046
28.23078
19.7336
11.45325
21.56907
23.07571
26.00853
21.43253
24.3271
24.57153
18.20245
17.53352
15.5846
20.25338
18.51658
13.1416
15.36336
17.3959
21.51317
19.93221
14.79261
18.64904
33.17273
23.07129
25.52892
25.56898
12.77746
22.42327
18.13314
19.92731
26.43872
24.40285
18.26292
25.49598
20.08004
13.85053
19.16539
13.97248
20.00365
17.84402
20.47059
23.56299
19.322
20.88792
15.93993
18.15296
26.6796
18.58319
9.973209
22.5455
18.26091
18.0305
24.41952
25.30585
12.9252
17.66035
16.36603
20.29611
12.11011
16.76846
22.7838
18.79024
22.17804
19.86588
6.039992
22.99444
25.45717
17.93495
23.75619
28.05143
14.78913
17.48936
8.544069
30.24651
20.61822
24.3526
23.63133
28.33126
21.56432
29.08023
23.9093
16.54909
7.772133
14.53669
16.18066
20.32329
19.10835
15.48582
24.03387
23.23093
17.14068
22.65959
20.35732
22.97471
29.89451
19.34964
14.98801
14.05527
21.12671
24.72825
26.15222
33.72147
25.55091
15.82927
14.62354
24.36244
15.83877
15.49454
19.83686
19.40583
15.0114
18.50843
28.53515
23.28326
19.38899
13.25529
25.08799
24.07405
18.6488
17.45633
15.2482
25.30936
15.98022
26.37203
27.6953
18.08312
15.98565
17.52851
26.57196
11.98189
23.517
31.48407
26.91782
26.97574
22.40818
17.87619
22.1361
24.38227
22.04855
14.74506
22.3058
21.11953
17.6677
6.980997
18.34002
24.50079
4.100347
21.49569
19.45593
19.78616
14.5855
22.4724
21.1582
20.2128
12.21384
22.964
23.66501
19.52407
20.02855
20.30175
26.92474
17.08253
18.90934
14.66793
17.7565
19.65293
20.36756
20.12369
26.6738
15.87343
13.99736
21.44827
16.08581
25.09201
20.53779
22.33701
26.21674
25.21616
16.5605
26.69876
22.81977
15.61043
19.20397
12.34835
19.14635
18.74515
19.53667
21.18068
20.56659
19.83372
23.88699
18.01472
20.05862
24.18149
15.06898
19.33418
21.63082
24.77606
18.1903
22.2084
13.46315
28.56034
20.50052
17.05622
23.78095
20.25789
16.69804
14.67888
11.33689
9.964027
19.5977
16.82462
12.89605
20.70618
19.29895
18.1903
27.69641
21.78064
5.480052
19.84025
25.91301
17.74119
16.17904
20.58549
23.43004
23.12644
13.60037
17.96487
18.49461
15.01733
20.65901
20.96122
21.42982
19.88523
15.19673
26.63501
27.22629
17.53881
22.13649
23.05137
18.90568
16.70542
17.0213
26.50022
25.44418
25.40438
16.41084
27.10366
13.44604
12.44099
29.09793
18.18996
28.7766
23.02374
17.91943
15.58097
23.43814
13.05323
21.91838
18.20869
14.2004
23.37105
23.09216
21.57112
23.72225
19.97558
25.99122
19.81038
16.91112
30.00211
11.00068
16.78262
29.23977
11.82929
20.06826
26.68032
21.10276
20.10027
18.54212
22.03096
16.25077
18.91674
25.63706
20.52938
15.17598
26.10989
18.82311
15.37766
27.67171
10.7898
24.41383
27.16771
16.91046
17.68405
16.15457
20.46759
15.63376
22.58106
14.09436
25.9798
13.93124
19.59483
23.16628
11.95144
14.813
22.67886
16.02041
20.48325
22.05657
29.61737
19.58744
20.82141
18.47289
22.91983
26.6382
20.51745
9.629557
18.89806
18.90657
10.95
13.33469
25.77361
13.48368
18.85097
13.71232
15.00701
17.91248
22.32611
23.3525
12.75095
18.46598
22.55463
19.13692
19.8305
12.89773
14.28873
19.94534
20.64393
13.42983
10.42771
23.77708
19.15321
23.04284
11.86302
29.56593
24.36168
27.56042
15.50618
21.41583
18.81625
26.63234
11.99823
24.18677
20.32668
25.58115
29.99199
21.84075
28.57348
20.25584
20.32897
19.38348
17.94602
20.35494
13.21347
15.94402
26.04843
23.58491
27.15737
23.43194
22.23572
20.87488
20.13859
19.25877
22.32949
21.72513
19.818
23.63495
20.79271
23.57071
21.0793
19.16852
18.32967
20.69192
15.13614
16.49458
17.94942
22.60914
28.659
13.02927
22.78709
19.86609
27.43761
21.68923
23.9568
17.1063
20.35992
15.61414
26.75371
10.22245
19.20405
22.37562
20.58002
19.08477
12.72879
23.1402
24.01215
21.04364
26.89638
23.4352
25.61159
12.71038
23.50237
12.29702
28.46095
13.20541
8.761896
23.58465
24.21633
26.81725
27.90166
28.29338
9.754934
14.06258
25.29496
15.88692
15.63343
21.86113
27.71143
20.3007
28.74583
15.24083
15.27171
22.18813
14.93493
13.05576
19.79839
16.74741
16.27811
16.41492
20.40488
22.44922
19.76013
18.39138
26.33886
21.73826
18.62386
20.0345
26.21536
18.43495
15.69228
14.32639
25.96691
26.02194
25.71638
23.46423
17.70247
22.71968
16.62938
14.05613
16.90493
27.04594
17.62481
17.37491
19.56514
22.9273
22.91517
26.24375
15.24029
19.01641
7.99842
23.3299
23.69732
12.45736
17.34901
22.38207
25.03293
25.08043
15.88274
20.5191
27.49413
23.21341
16.59083
16.66739
28.37157
22.56027
20.12411
19.18693
19.0144
16.67472
22.18123
21.16005
13.11761
22.69239
21.00196
14.51735
19.83121
15.73505
24.09179
21.08489
17.53185
16.41127
23.19635
23.01757
15.75896
20.28002
13.89053
25.47904
23.86804
22.44114
15.59386
20.24085
27.31418
18.23962
24.73795
18.69202
21.23909
29.51707
19.20611
27.67884
16.02234
10.91802
15.89994
11.70578
17.20839
23.77241
19.3911
22.64407
27.47932
20.80765
18.5176
12.80268
17.02249
19.53298
13.58402
15.90642
18.15412
22.55311
23.70459
27.8217
26.1235
22.19379
14.52363
16.50477
20.81282
17.06637
13.08848
26.20666
17.07666
23.74375
23.30866
24.1302
16.91896
18.43454
25.12397
19.66359
14.87397
28.23962
17.84236
20.14262
15.22481
20.31956
30.51931
23.87163
25.87865
11.40458
15.53953
28.93918
16.39073
18.78776
24.73361
24.85714
17.64569
20.20568
9.842569
17.49406
18.33746
28.12223
18.06514
24.67606
19.48621
17.7612
16.5505
19.77984
21.23827
32.42753
12.9633
13.87644
32.42035
24.15805
15.21356
10.59223
18.9468
17.19139
19.10464
20.52097
13.38409
22.10398
30.89956
18.80519
22.33478
27.20012
22.93934
26.33899
18.13806
18.41351
20.30028
18.8245
16.6384
18.50641
23.79945
26.26814
27.23224
19.49931
27.32062
21.05903
14.98959
18.44722
18.00482
20.88431
21.0288
13.2253
21.14698
25.90799
21.16451
18.57869
24.15696
16.33339
24.06925
20.93456
22.48721
16.87939
20.46671
16.91555
19.24658
24.85673
18.3758
18.99418
19.82489
18.55306
21.03054
12.98433
21.03609
14.15502
27.5174
23.9546
23.73648
22.3643
17.57683
21.09856
24.97075
20.48188
17.29162
19.28972
25.39917
18.37436
18.65772
19.97216
19.23
19.66248
22.80401
15.3072
22.89253
22.60791
27.83272
20.22814
14.58855
16.05119
14.06289
14.69959
20.84839
20.09631
22.37865
12.50508
19.80514
25.28897
25.16883
11.94451
22.9483
22.79334
9.907247
23.96705
22.02051
9.989039
26.57362
16.83835
18.59285
10.35652
15.91599
16.96142
22.20941
18.35887
25.3371
19.96383
22.86491
21.32782
22.93323
14.08791
22.11825
25.76765
17.87297
16.56291
19.94662
13.48323
16.16534
22.16743
16.86296
31.89411
16.06963
22.16748
31.69999
11.94721
22.07851
23.46492
15.09726
13.34535
19.93152
24.33569
11.6387
20.35564
20.90575
11.62533
18.89436
13.06903
27.13974
11.19379
15.01149
18.17288
15.17522
16.34351
12.60831
27.51105
13.53277
19.10767
16.01274
23.09631
16.89708
16.50418
17.28591
25.26091
28.27141
16.81741
20.26376
16.73293
21.81701
17.13727
20.0792
23.91288
19.67773
21.15707
17.96971
25.17387
24.20062
22.26713
24.15579
18.79195
15.93272
23.67644
24.52876
16.92525
24.15929
16.868
15.46042
18.40813
18.09258
13.50577
21.73795
23.34709
21.60402
16.67881
15.80205
22.97384
15.22644
19.7117
23.46482
15.26767
15.82319
16.11262
14.86683
23.77613
17.89649
20.25128
32.10208
26.05582
28.92346
15.53598
19.0984
23.94403
18.13833
14.73087
26.33594
21.1584
15.95843
25.84999
20.71807
14.74502
20.24025
13.72199
19.5688
21.48661
22.29292
17.39513
14.37916
17.19505
30.27187
14.62138
25.9709
16.5243
16.90433
21.11145
25.18318
19.85459
23.53678
15.98141
19.82779
28.41271
17.02472
19.34375
20.2738
29.64237
15.22677
21.59941
17.38784
26.94178
17.55603
26.55293
15.48215
16.7113
16.06891
26.26693
19.14279
12.50301
21.51937
19.36915
19.22957
23.97244
23.68312
16.68104
16.05184
14.05611
25.98111
17.86473
25.22747
28.86668
9.4441
18.80491
23.96386
11.54852
18.79419
20.93602
16.242
22.06528
9.698299
14.06922
22.08003
24.37653
21.53037
26.69818
19.9396
16.17523
11.79707
18.56931
19.65701
18.60554
17.61513
14.0472
26.54587
17.73969
19.20438
20.74669
17.90392
24.75348
14.7682
17.95741
26.02319
14.4125
18.58947
20.79868
23.03288
25.10706
22.01502
25.2298
14.33036
21.43683
6.673228
22.50052
28.42361
13.38303
21.70888
22.06907
13.46596
15.96753
24.70966
20.23541
20.82355
20.14287
11.50541
24.96905
19.85953
25.15731
21.39325
18.87121
22.30909
20.36466
20.93922
15.07843
26.32996
24.01998
29.43905
15.64049
21.06045
18.52473
20.88814
19.8991
17.47792
17.59749
29.38139
20.2707
17.84796
20.04282
23.98673
18.97482
24.53453
22.97375
19.68045
10.40996
18.23413
14.85317
22.61037
12.60182
22.46649
14.14888
23.23448
20.4843
10.97042
12.01311
15.5001
30.61964
17.84846
31.8803
12.04267
18.0175
20.52543
17.87017
18.20959
17.32195
24.95331
26.08078
13.705
20.73358
19.38472
22.82633
17.89838
16.93538
18.2537
20.36088
29.2389
14.43859
19.1918
16.06503
20.92873
22.86024
10.45777
18.04384
16.6412
14.90122
18.00552
21.48565
26.30493
9.181878
19.71003
19.95713
25.22298
22.48013
20.56625
25.44719
20.13609
19.66143
24.00988
18.86059
20.73567
13.33791
24.54951
27.70162
26.26934
21.13174
24.93726
20.45764
21.64623
21.01386
21.11211
14.20147
24.38085
25.5548
18.01292
17.95971
21.38797
16.16474
15.05576
21.8195
16.42482
17.00002
26.8166
23.42109
15.95618
27.19115
19.33206
16.70083
24.04151
20.92116
27.3444
31.30425
18.321
20.3192
8.842816
18.32485
17.18817
18.00447
20.41143
23.20698
23.95011
25.30598
26.8622
18.47741
15.50845
21.86598
17.72232
25.73925
23.71536
16.40651
18.50614
3.666505
24.79659
25.18372
24.17614
22.38284
29.41879
28.17972
11.25747
21.26515
14.57482
15.8858
32.02079
12.66495
17.12218
18.23471
18.35362
20.58261
26.47589
21.68684
21.1569
25.25217
25.7105
17.15339
14.01267
9.86939
19.54102
21.4926
19.97721
18.07139
25.40461
23.17932
17.45466
32.8127
24.73796
13.08902
27.07483
23.3708
15.09355
14.439
22.44036
15.18617
20.92608
23.86539
18.90092
23.45233
19.42192
14.0712
17.16286
27.43886
23.00346
18.14719
23.03569
16.11608
18.76415
23.31496
27.06519
29.68156
10.17463
18.81441
14.65497
20.00739
13.53835
16.0407
25.81615
20.83848
18.91155
29.09113
17.2066
8.415611
11.69025
22.23514
17.19486
27.83897
19.08617
16.49823
23.42686
20.55344
16.04363
19.8471
21.63664
17.79621
23.45103
15.7459
23.42249
22.26812
19.62102
21.373
22.7934
30.282
23.28247
16.40392
29.34813
22.17236
23.1976
22.69014
19.63625
32.00801
24.10508
14.88401
20.6895
19.19499
20.44349
20.73404
22.03304
26.91714
16.47222
18.58986
26.01528
19.14889
28.15589
28.044
22.15435
20.26073
14.43834
11.09847
22.22015
16.35768
21.53411
24.80445
17.90018
19.7378
24.68631
26.2034
19.32806
22.60854
7.495386
19.04491
16.12955
15.57504
28.51754
23.76778
8.800436
17.92065
12.96963
19.72163
22.07777
25.57916
22.31431
22.93867
22.85628
21.42426
18.36173
13.40853
23.24602
18.12081
29.97817
23.13242
17.24801
18.89149
12.05888
15.40835
19.32989
20.83838
14.66693
18.63492
20.03057
17.89198
26.28548
18.90058
22.01526
19.23418
25.24826
27.16624
29.16812
19.49018
11.04004
23.8447
23.64175
16.06186
18.01566
14.53351
22.20601
28.11271
27.30921
19.03137
27.22268
14.20792
22.83572
18.45493
16.43549
24.66537
26.56264
20.81796
20.24692
17.54548
22.12034
21.33842
19.89771
23.01056
16.57286
23.23638
25.57477
20.7498
18.18002
20.63026
18.19675
23.52017
13.32807
11.26
29.01469
22.45664
17.23838
22.55604
17.76859
17.61943
10.81546
22.98631
27.11509
23.08142
14.7377
25.92245
22.23965
14.0611
18.45706
15.89485
12.77847
19.67834
24.07283
24.14987
17.87787
19.30796
12.68476
8.385304
21.98528
27.61633
12.05559
20.77569
17.83132
18.29253
30.22148
19.97602
21.13709
23.4592
19.7883
25.21677
13.91213
18.13236
15.02022
22.46332
28.868
17.32887
18.66072
22.77394
19.73492
19.33392
23.99689
16.50063
22.70151
24.19632
19.60954
15.38357
11.59447
17.61074
24.76749
20.05034
22.32664
21.57522
23.26502
15.66756
22.11542
20.20973
21.92827
15.10441
20.76006
21.3236
25.9487
19.89338
20.86206
16.35046
28.45427
23.00003
12.94222
12.75536
25.52568
21.40021
13.44832
12.27474
13.94239
10.40425
15.92113
24.66257
22.27362
11.19439
8.977508
16.07448
16.04694
17.00286
17.38765
19.92189
14.67393
19.52107
18.788
14.76741
24.82936
20.63168
12.59782
20.86588
18.21022
19.89465
11.64547
25.90433
17.701
21.25744
25.63494
20.85412
15.49316
22.71951
14.03847
15.795
23.65668
12.0333
23.9775
19.27354
23.16482
15.25622
14.90767
22.08157
22.78489
21.53798
22.13334
17.46042
14.70606
14.24771
22.11769
23.52421
20.03936
13.03004
15.8748
15.49345
16.00771
23.74145
18.31927
22.45643
14.04567
17.70406
26.30104
21.31836
29.49367
17.83433
22.67925
22.20677
30.2113
13.15134
18.34186
17.07055
21.58827
21.38884
27.77515
20.24403
20.89946
16.07339
12.78857
9.680839
11.61757
17.96544
13.08834
17.80323
19.22092
26.2997
21.95231
23.07103
25.75129
22.00354
18.17003
23.27807
23.38462
19.82958
16.67097
16.73471
14.64676
13.68551
23.08824
25.36506
26.39027
19.24549
24.26566
22.36208
18.83699
24.10587
22.7885
10.03482
17.68174
11.04084
25.41722
20.61607
22.41706
27.98495
19.20361
14.21812
18.05447
25.51609
20.65811
19.72719
23.12247
19.25675
13.57586
24.13416
25.69997
22.20902
17.0109
17.57894
12.91434
26.29739
12.39867
19.39873
7.378781
23.76126
18.58259
18.32934
21.79276
28.61544
18.78313
12.14018
25.34388
15.64192
21.51125
26.21845
16.02703
14.56763
20.04853
25.90996
28.60209
25.68313
21.14255
17.64625
21.51943
23.15063
16.41881
23.39056
26.74886
12.73891
17.64845
26.87952
16.89823
20.03722
21.27962
17.19157
27.63681
32.01624
23.01105
14.11163
19.98457
27.33425
25.00104
22.43444
30.5852
20.93449
12.50652
17.36446
18.56916
15.99113
16.541
26.71673
20.80178
14.39855
11.89614
23.48697
27.39279
14.58555
16.10148
25.5157
15.08258
23.2392
25.5746
23.52503
26.10658
19.65841
30.64655
28.1194
27.3819
24.82855
19.80246
19.3899
8.849886
25.88622
29.57429
25.45383
20.13035
23.1755
28.65762
15.71347
18.14949
13.96494
27.47087
25.24667
19.73011
13.38663
12.14403
30.01083
19.30443
17.23388
21.73092
19.04501
16.6235
30.91379
22.31751
20.55408
18.68887
20.26503
19.86161
16.74427
12.71885
6.91939
24.21103
14.78024
19.62057
24.09292
10.30884
18.29397
23.0815
20.53824
27.09498
20.58109
13.36076
27.8362
29.80334
16.79845
20.50904
27.65836
22.51224
16.69995
18.36784
17.31286
18.71731
23.14003
17.94292
23.17583
17.50986
20.64699
15.35744
13.49891
18.23059
14.87594
24.96044
19.96152
13.72394
17.0192
18.98767
25.23916
18.72103
23.13441
19.05679
25.24546
19.52124
21.8709
11.60247
9.341901
27.44792
27.0977
22.98628
11.99906
19.18767
24.87267
14.71983
22.89934
22.68014
15.80206
25.9091
23.41033
13.76371
16.54825
12.7501
18.20595
22.07393
15.62491
18.99506
15.83501
21.50618
10.87968
22.31362
18.58258
21.02821
11.60337
12.49767
17.71569
33.6735
22.41856
17.64346
19.25645
24.35498
26.47504
18.78461
21.22632
22.34753
23.45349
22.68456
19.19965
15.92499
24.19459
20.13536
22.54069
26.00614
20.64895
16.34606
16.02988
18.60089
19.86039
26.6666
17.52755
20.82662
14.35227
25.98479
26.26267
24.52939
20.81785
24.90389
14.88986
13.71626
17.74293
20.44585
15.18528
18.59463
33.62286
14.29544
18.83891
27.13313
20.92254
21.40865
23.44784
22.54058
21.14908
24.45553
17.12949
16.40096
15.79607
16.66123
23.91974
14.5743
20.09159
21.93771
23.41689
22.96123
18.82503
24.25112
26.60487
21.05688
24.03516
25.77887
19.84538
21.26728
23.45743
23.2199
24.04473
24.92251
16.54066
31.27224
27.31431
22.37441
16.44557
19.17064
17.51559
17.00319
23.45035
12.84218
25.42144
13.60039
11.71796
23.49269
9.732077
19.14991
20.12367
17.39039
15.23903
24.4843
18.38888
26.5879
25.62551
14.96566
23.2401
16.64153
17.03279
14.30513
17.14388
27.76459
22.62443
22.36547
14.10673
16.21571
9.965737
24.38318
18.57982
25.19259
13.54556
17.24429
27.79181
17.42265
12.29683
10.55092
29.52141
22.14051
18.079
16.15105
14.15784
20.30032
17.33979
12.39832
27.21526
16.10344
19.2412
21.46601
24.017
27.41008
17.31852
17.83284
13.40059
23.09277
23.92737
23.64046
25.07021
20.99386
21.51883
22.02662
21.04738
20.31092
21.78558
15.53242
20.21467
21.26565
26.774
23.98292
18.04282
18.95521
23.71403
21.06815
17.85057
20.62478
19.67894
26.91629
12.30327
20.81527
25.49115
17.17599
18.68324
22.44523
9.375791
20.38721
26.73848
18.97517
24.70846
17.05124
20.80975
22.08402
19.99846
21.01991
15.37435
17.25255
25.28881
25.21813
16.32645
24.48479
19.50991
23.72956
8.319635
17.40631
15.1413
25.68231
18.17744
22.69809
17.72489
19.34694
16.07364
25.26334
16.57868
29.03373
18.3844
22.34357
14.72863
12.90065
22.60235
18.19311
12.21008
14.6452
14.39768
23.45849
17.24631
20.05649
15.4342
20.71204
23.78612
19.27088
23.90404
27.02377
8.683632
13.49094
16.26224
24.66814
19.61833
11.39424
21.85911
14.30532
13.82862
14.77624
23.7707
13.27693
25.64535
20.26301
21.10768
26.86828
10.2371
20.30996
16.56288
17.83244
25.32559
19.95167
23.30161
8.122104
25.59293
13.19676
14.24132
23.31499
22.64344
17.65892
18.20694
29.77231
21.7255
19.79725
17.1665
16.83741
21.46683
25.72668
23.72563
21.86739
24.41955
17.63999
18.58412
17.49642
22.99481
14.11736
19.19253
13.20634
16.47605
24.49933
25.42282
20.132
22.22063
23.2638
9.72175
19.81234
23.16426
15.95953
17.931
20.23401
27.39766
29.18046
25.33859
16.98668
16.73526
23.51733
22.41446
23.12513
20.45738
22.83142
19.97814
25.16743
21.03535
21.33932
13.00164
25.12631
23.29643
21.8291
17.51385
12.39334
12.48269
9.809717
26.66489
21.15899
21.07171
18.09787
15.52423
15.42487
28.04944
26.81011
22.00587
20.47739
13.18451
23.37499
19.42057
27.07998
26.91238
19.20539
18.75998
14.11394
21.32267
15.01876
16.29508
13.84723
26.49623
22.31049
22.40805
20.63709
22.46536
18.84893
21.73731
19.14337
22.53433
19.76565
21.33935
10.65432
17.87433
18.01568
22.45012
18.9914
18.41127
23.86157
22.87329
16.67162
10.95588
24.47837
20.68255
23.80546
14.44058
22.68354
21.04591
13.60548
12.6813
20.31816
21.76568
20.02671
17.36907
13.85287
22.09487
23.81345
16.62306
12.24492
15.07771
16.52608
23.11817
17.97258
20.69857
16.85107
16.678
10.21356
13.02652
21.28832
28.22104
27.22609
25.52166
10.97591
18.23675
26.22008
26.89052
25.5342
18.45407
16.77431
12.68065
32.50916
22.70574
13.60022
20.369
23.40579
28.49571
17.37739
21.4714
23.31721
18.65423
27.9355
28.6022
14.59611
25.06449
20.78822
24.50594
10.55397
32.61005
22.76508
12.7167
9.125168
20.84807
17.28656
6.268898
16.22946
17.90307
22.69975
21.83359
25.65088
12.85892
17.88403
21.3548
15.10644
23.8968
10.92116
24.0747
17.96302
21.31816
22.95701
25.52721
24.21038
22.14792
19.4571
17.17026
21.78629
16.3098
27.15446
22.52072
24.77765
19.9151
18.57226
24.83334
18.86787
27.14839
12.32297
21.37083
16.06091
17.64908
25.11848
16.86964
23.77869
22.47943
16.27947
13.14479
22.54061
20.41796
16.17423
12.54628
19.15033
19.02318
19.37079
22.38592
14.38915
18.13357
27.34262
30.52913
20.26272
17.18646
19.36736
25.5453
16.61494
18.84844
16.93436
16.10687
19.46467
18.68976
23.1793
17.91667
18.78535
23.99041
11.47924
16.77114
15.68383
18.7124
17.70098
20.3017
12.84044
21.12332
27.07499
14.82671
16.50518
32.40779
11.52633
15.96722
15.52701
15.25055
15.80364
15.48931
21.35987
12.38109
23.40948
20.06129
28.2497
14.61997
23.70827
23.4344
15.56635
8.806556
16.51143
19.67452
20.37291
10.59577
16.74835
13.33169
24.02136
24.60533
17.06445
13.84997
26.62354
15.17889
16.71803
23.77236
22.26698
15.73609
22.29443
25.50742
19.10779
26.95069
14.50456
18.25763
25.14976
20.77118
17.74134
33.15798
24.08172
21.87347
15.78993
16.2879
15.94909
18.84791
15.81011
18.87476
26.36714
24.25959
15.3967
28.55967
23.29746
21.67544
11.48602
16.34812
23.11869
12.95772
23.45002
18.5919
21.08098
25.35021
22.10649
8.872083
22.40771
17.61525
24.61586
16.6234
25.08261
23.2514
13.35304
10.75673
20.58637
20.60814
23.24606
21.2225
22.81405
18.74358
24.46361
19.11871
17.96118
22.94942
18.20605
14.4045
27.19751
36.29173
21.66303
14.79182
10.70731
17.28683
17.02936
20.54331
16.93728
19.74103
17.52986
20.30834
16.77072
22.61873
23.32263
18.42487
20.21626
27.58945
17.58397
16.77606
17.98155
16.05797
14.35057
23.07131
20.78802
18.18692
15.13987
26.02277
15.33163
23.96512
19.79545
23.78998
29.5663
26.65378
6.46674
20.34112
2.405747
20.23595
22.13615
27.90108
16.6819
27.6073
19.61996
28.69005
16.55698
17.13804
19.39282
12.28965
20.69453
27.37487
18.57561
18.76877
32.61883
21.59658
13.30949
24.72075
15.20666
24.08411
22.42546
21.47244
25.54046
18.65337
19.14343
19.624
16.15031
29.2563
20.32434
17.99094
26.16456
25.13931
19.38016
24.83925
17.33781
22.85404
14.21992
14.69855
22.97839
19.46672
25.72547
16.78776
27.34613
22.57328
22.51249
19.85157
17.08162
28.47386
17.11485
17.27284
25.03494
21.08898
26.15862
19.62128
19.0734
20.93635
7.616812
22.62635
17.67341
16.13398
16.95321
25.31027
21.80614
15.4549
11.60753
19.33227
15.20509
21.79197
25.53031
18.22957
20.02166
13.58424
22.86796
15.43544
21.65415
28.94714
22.54068
17.68476
14.95452
20.74147
26.38714
11.63743
16.91327
18.62472
12.27999
22.64591
15.11368
23.29265
19.79628
15.45746
21.83724
18.01851
16.09263
22.88678
17.36214
24.34511
21.27681
21.22803
15.83767
22.16947
8.122819
14.48275
22.80411
27.04124
38.56043
13.26242
22.89814
21.39565
19.61932
22.93127
23.46919
23.85168
10.01898
27.63555
26.64644
22.72975
23.36155
16.67941
19.81774
25.80348
18.43783
18.78154
21.12341
15.18447
21.52517
17.8994
17.17859
16.24553
5.993113
21.89376
19.5413
21.28168
25.68106
25.36761
27.85783
17.65868
28.58578
22.29894
13.91501
22.48717
28.06369
22.41202
16.66703
25.17859
20.68992
27.74072
18.13827
26.09905
20.89744
14.50582
27.49587
16.43534
17.1814
21.85717
17.95433
21.56077
28.00684
14.89139
17.48101
22.82502
19.70783
19.30353
23.39486
21.41614
17.99094
15.22731
14.52159
23.26512
18.21421
25.5535
18.25106
20.73715
19.25566
28.1704
20.65138
15.65615
22.06736
21.5949
3.900616
22.13573
21.41726
16.11946
16.65577
17.23029
20.36489
8.826211
19.41046
16.032
19.42116
23.49868
19.90631
14.37609
20.37169
28.23333
14.85078
25.59264
17.75149
17.54704
15.55287
16.10886
12.19069
16.82922
16.83703
21.81927
29.07848
18.29394
24.9276
14.0271
19.16056
20.02113
17.23562
24.99249
19.47554
14.67809
16.5083
16.04752
15.88355
21.28355
13.46938
16.1387
32.86688
18.58618
23.87248
19.56067
28.56519
18.79104
19.90209
32.85312
19.65769
26.31043
20.91085
14.62002
19.45339
23.97759
21.85438
30.24329
24.43293
17.03669
16.71281
20.50229
16.20421
12.37029
19.47659
10.69576
25.64691
17.03897
26.49654
13.28762
20.02387
26.14733
19.17138
23.50674
20.82798
17.38609
18.12553
11.65776
9.470681
18.94505
17.76371
21.35051
18.24502
14.21351
28.89609
17.88439
17.29347
19.71589
23.81336
20.79655
15.57759
22.74101
21.79239
19.48921
15.46207
18.33949
17.2485
23.64512
21.61127
18.02237
20.48252
16.31423
17.73452
13.74874
14.16463
10.99477
26.63001
18.02836
15.32736
20.84553
17.35402
24.024
27.64126
14.00054
19.35794
18.22906
23.78632
24.71433
19.38192
16.04026
24.08736
25.59987
17.93513
25.84462
15.47606
20.27561
25.56103
10.61266
11.80701
18.7744
13.96609
15.43054
15.97328
16.87397
21.61175
17.95987
18.9704
22.83908
18.47795
19.19787
23.43371
21.50486
23.96313
21.81498
14.92687
17.21139
19.21739
21.23063
18.28868
25.18937
15.97416
21.09806
13.92227
17.56772
26.86416
20.31212
23.01316
23.45452
25.0478
24.26721
17.36203
28.08904
25.77793
22.0563
23.77833
17.66466
28.0495
19.91207
17.52868
21.36137
21.54998
21.37503
22.8123
23.21393
19.54049
28.10087
16.96545
23.29299
26.16892
6.925918
24.28613
13.20178
18.41895
21.70534
11.40239
23.49195
11.55853
32.53822
17.24555
27.21364
18.70315
19.71096
19.25502
22.59493
27.33548
25.17228
25.77227
15.25881
22.58973
25.07117
20.21688
16.65283
19.8246
9.393595
22.1235
18.38532
19.07032
21.95758
20.481
21.1362
18.66797
25.2416
19.12112
11.27314
22.01281
18.28577
28.20634
18.05103
29.08812
14.39828
25.00997
15.49414
15.32859
16.45235
14.70506
28.97253
17.2809
21.49241
22.74859
21.74544
20.10648
13.31234
20.97982
25.9664
17.93643
13.84372
27.02203
21.9939
12.26547
19.85169
16.63255
23.82184
16.24137
18.01096
16.08997
17.49821
23.55054
27.6789
18.01062
25.14479
15.21887
18.77699
18.12902
28.39378
15.44247
20.09511
13.34154
20.91941
26.40709
8.816196
21.773
14.553
20.40986
17.03826
17.82358
8.315816
6.315744
16.59261
24.94418
8.885845
21.62185
18.96205
18.69251
14.74269
14.99046
27.96433
17.338
25.66139
13.80778
24.72896
26.3811
25.17067
17.54576
21.41629
17.83786
18.04921
19.64707
9.668559
18.77439
22.14116
20.79715
15.96902
30.50222
23.75944
14.11738
20.42344
14.11856
18.90518
18.11033
5.587079
12.82597
19.97018
27.36989
16.98458
17.68355
22.45456
23.16516
28.71639
19.23776
23.54107
24.23964
19.03761
21.68978
25.39965
22.17601
18.5959
23.08156
26.83388
19.7453
15.29136
22.41582
18.65061
16.94096
13.52138
18.26951
23.60012
19.08103
20.7114
23.42362
10.2905
15.85441
17.92936
21.75017
13.20318
11.09708
20.27618
13.92973
19.86788
32.11046
18.05165
15.43211
24.29939
19.00591
19.49926
25.17566
18.22236
25.46673
19.24118
11.08071
21.35922
16.50462
25.28912
19.45923
19.31616
23.87165
25.71885
21.939
25.10346
17.68433
18.4507
29.20449
23.20757
21.38156
13.21863
10.18917
24.72315
20.69755
30.35366
19.65429
20.86478
13.94326
18.07861
10.54545
25.96335
24.27373
13.54252
18.21115
13.01855
19.15745
24.75898
17.13619
22.39868
22.71039
20.8894
24.75039
28.53889
21.61616
13.08097
18.24512
16.91019
18.20058
26.48931
20.45939
14.24379
24.13966
19.33089
15.28085
12.84605
18.52379
23.2131
16.91547
19.25362
24.97689
5.409791
22.01424
24.05379
22.30302
15.9703
16.57453
18.70749
21.36314
19.25096
19.68694
22.52118
16.00111
17.5642
27.77844
27.45824
16.64605
21.51245
15.06653
20.38201
15.79369
19.15943
27.36096
13.15174
24.7602
28.48854
22.74973
17.60727
15.36743
23.05632
20.30674
10.14189
15.9937
14.37982
26.05177
20.59395
21.04162
28.7023
18.53898
18.70627
22.81478
19.28028
12.5743
18.29719
24.55704
18.87495
8.975608
15.67682
14.3353
19.32002
24.30293
25.17832
21.60359
16.20867
24.14001
19.43565
14.5441
22.81407
14.95884
21.89544
20.41112
21.77233
11.73246
19.52135
29.55852
8.313459
22.62824
29.14629
29.97936
18.51709
27.59584
12.16972
16.15874
15.29461
11.10461
18.94367
19.06788
20.53507
25.65788
5.587305
15.84101
16.09246
17.51725
18.82481
23.03674
21.24644
19.76605
13.41516
21.52661
26.79488
26.99864
20.58043
16.13655
14.34067
13.00473
17.85197
16.16943
23.28554
13.29409
16.55634
14.84289
24.25304
12.74026
11.53465
19.06904
15.54768
18.24023
23.87067
12.78018
19.14033
17.83644
23.76399
17.96825
13.26903
20.10839
14.5161
17.04497
24.33259
18.20074
13.66326
25.77123
18.62498
16.78277
23.89841
25.88598
17.27009
4.616163
26.04343
31.21516
27.52892
22.73791
22.05881
22.20909
16.1401
23.99247
25.45191
16.8897
24.66708
23.36505
23.03425
21.32164
19.4074
21.43721
18.38787
21.10969
15.29747
17.41346
25.73604
15.34166
20.72518
15.07731
24.10956
19.39238
9.625604
22.51355
22.99826
33.63567
25.69459
21.64935
23.0069
17.14442
14.43936
22.07751
21.43015
17.10186
16.38406
22.82206
20.2292
27.26986
20.40554
23.21502
17.17926
19.81094
24.79622
19.29311
22.60292
18.05975
22.65492
25.35667
9.746373
21.85535
22.00691
22.33168
14.38915
19.61897
22.24076
29.2009
8.83167
17.77957
18.21468
20.53225
29.71815
23.58105
23.42424
23.36154
23.58957
16.64943
26.53901
27.04983
19.33605
28.14344
11.54196
22.83813
19.79892
22.47221
24.6759
24.58252
21.71082
16.25418
18.93706
21.92515
10.67367
26.9718
13.6536
22.16274
31.09862
12.16987
13.53424
10.69861
23.54335
21.8232
19.11348
19.08473
23.34053
17.31587
21.49544
24.99336
22.01135
13.62702
29.67854
22.13758
19.54157
21.14431
20.02645
18.3301
13.79857
24.98885
18.08946
21.2869
19.58988
15.4707
28.15562
19.81074
25.46027
17.01519
23.77916
19.09713
17.59232
22.46959
20.89885
31.89531
28.99668
11.18351
24.33007
18.27492
19.8316
18.6166
31.26529
22.41428
10.22799
22.59894
29.48564
24.02682
26.47739
16.35406
24.04404
15.56617
22.84601
20.13052
24.52032
14.66033
14.45305
25.4459
14.90213
27.47752
19.45944
19.3885
12.07716
20.97312
17.50093
21.6628
16.92899
20.84599
15.72924
17.05965
10.83602
19.99172
23.07207
24.42668
16.92866
34.54546
23.26456
22.61359
17.45244
8.359371
23.13522
19.95572
23.42403
17.91336
20.06834
21.67498
15.48598
23.67859
21.24248
13.16668
25.20814
22.51601
30.74615
11.17862
19.61663
16.07065
19.86507
16.16307
23.25863
10.81187
31.69849
32.05902
14.54844
16.26216
15.74477
9.10166
26.33191
19.90537
17.92073
20.32602
23.20183
32.05767
20.37442
18.68928
23.25155
15.22374
20.40764
19.78656
12.50491
19.45939
9.568516
17.71337
9.048399
17.44775
10.97621
20.32564
20.58509
20.69716
21.66346
16.1268
15.85698
17.85007
20.03667
21.77116
28.0066
24.42774
18.70975
17.33078
16.05045
31.62394
19.11043
25.38294
23.12315
31.94472
22.51272
12.29377
23.69874
9.19811
21.67465
16.78954
13.88462
18.60105
14.98608
28.41582
18.09942
23.77225
21.91244
19.78053
19.69027
17.06197
26.66377
23.55555
27.9311
23.25845
19.40481
19.90384
14.12783
26.44855
20.00849
12.14288
15.49164
27.68498
26.34934
18.97738
21.83003
11.89628
17.03787
26.24601
30.70512
15.8621
14.89882
25.2864
17.53003
15.86711
26.5615
16.774
16.77677
13.67049
21.38967
11.23208
14.51147
19.28427
17.42097
19.24404
29.37652
26.17492
19.85316
23.51543
15.59152
23.75536
24.065
18.08459
16.08903
16.49779
27.45669
18.75526
18.50491
22.843
25.20352
17.15232
17.33615
24.73988
8.296271
19.55142
23.14379
27.51961
8.646575
20.02423
25.03006
28.64159
18.51997
16.85676
21.31564
19.46971
13.88974
19.50631
19.43235
18.70994
21.59637
24.71319
8.176065
14.72121
23.40453
23.45101
21.37919
29.57871
16.60921
26.5106
16.98157
23.66586
18.90979
16.45633
27.8962
24.78997
22.7332
12.40698
18.09017
25.43293
14.79922
21.37204
20.51687
16.00346
15.90877
24.1397
23.87903
23.88778
17.70104
18.03055
25.39154
19.37288
19.79563
14.1724
24.80834
14.43412
15.41213
35.54513
23.28924
15.51439
19.17897
20.21212
19.06411
27.17701
25.47564
21.44788
22.13326
26.41897
15.98445
21.87364
18.73746
26.93097
18.06891
14.54293
22.52956
16.65715
19.08518
17.78266
17.55116
17.82098
19.82767
23.92165
30.63282
20.81701
24.97251
21.45205
16.30487
17.07314
15.95841
14.95676
25.02617
22.50419
7.165119
17.17922
18.75529
30.27473
24.90349
20.90271
25.86551
16.02256
19.322
22.99298
15.51351
26.41471
13.74021
26.999
27.44281
24.28322
18.92212
18.12037
22.19247
35.35458
28.1595
20.68581
19.10938
18.30546
12.15863
14.22078
19.61535
21.50076
20.16106
17.73518
25.551
19.25222
16.60836
24.22628
26.82802
23.51919
17.37113
33.47034
20.24253
23.3743
15.20793
22.01441
23.31114
21.90334
22.08875
12.96596
20.10071
29.16293
24.30056
25.10493
19.19174
15.83969
25.01385
14.037
19.43229
19.70272
25.44855
13.4678
16.64753
22.60387
12.74753
24.06655
14.355
15.02747
9.297381
24.80331
13.04949
19.1305
17.38596
19.90412
20.78815
16.82399
13.02026
19.11779
19.57653
20.05963
7.449429
17.99372
21.40538
29.06917
20.36154
19.54157
20.75637
14.42624
13.52215
20.37794
22.65338
16.08703
12.81577
13.4571
20.03015
20.15939
22.67749
30.51681
17.5568
22.80235
20.27633
12.52501
11.14652
18.19284
23.44947
21.84513
16.8391
10.56697
16.30019
21.92376
17.57458
18.58889
27.32502
23.84734
16.64995
18.1573
20.95814
10.9464
22.92839
17.74894
24.21501
17.6335
19.07243
25.0058
26.64175
23.68762
17.6466
30.45898
25.90167
33.72571
20.5372
15.42618
15.5754
23.76926
11.60896
23.56996
17.87912
23.47073
19.22661
19.00771
15.16006
32.07705
15.71239
19.36599
23.45197
15.98842
20.46354
10.67484
28.40088
29.57478
17.41739
24.92928
14.78962
30.27779
21.05125
11.74659
21.84726
23.10934
25.17422
19.35387
18.66515
10.86196
24.77457
19.95673
22.17419
20.58486
20.71465
27.31778
13.89136
27.26614
22.66373
14.36979
18.45449
16.15676
21.41515
18.68138
28.78191
22.52452
15.34198
18.12187
17.72735
26.43845
26.44685
13.68899
16.33329
16.34536
16.25559
16.86203
19.50409
14.70548
13.98317
24.00613
10.18701
10.56191
19.17516
19.27759
19.27692
22.5335
20.33457
15.93292
18.39582
19.58178
20.39563
21.50226
24.2981
18.84363
24.3185
16.2482
15.08317
14.57135
19.2425
22.27062
22.78946
26.53616
20.95342
13.88077
15.47409
16.5624
20.76352
9.838283
20.52447
25.23065
19.62904
21.67303
22.71699
17.53943
27.93057
17.84989
23.95534
24.17123
20.8343
15.18156
24.64894
15.49666
17.31462
14.7233
20.99315
22.9753
15.73331
14.46834
17.87825
11.43519
11.4828
20.97651
22.41161
18.3801
25.88649
13.41404
19.43126
15.8623
23.70125
22.43387
20.84901
15.18495
13.37828
14.82821
27.27662
21.65389
28.30832
25.63126
29.30981
16.34549
22.3557
12.15867
19.77219
8.457581
24.49415
15.56588
20.84024
17.13575
21.35883
22.09349
20.76351
31.11422
17.1671
20.79952
22.36607
20.8704
22.9306
20.08826
31.82195
19.16009
25.11532
27.98942
24.1368
24.20109
11.92653
16.94852
23.05348
16.28651
16.7895
16.46938
13.30499
12.51589
20.08993
20.13267
17.34062
17.7664
24.07587
9.307907
17.86066
27.37709
16.42014
21.23642
19.46949
10.08917
27.41549
22.72532
19.88934
20.92275
22.29003
18.35082
20.22393
16.6152
14.49779
13.84397
22.38815
19.71069
16.10474
16.01637
26.31331
26.24428
20.77581
18.93197
20.88519
18.68807
20.18677
12.20901
20.33286
17.42521
18.36189
18.61724
21.18276
18.27524
20.26506
15.78787
8.207747
21.77131
19.14945
10.34123
21.53176
27.16774
25.07174
24.24758
25.17098
20.22749
17.61867
15.8864
16.29545
24.37651
24.63774
20.54792
20.11998
13.18288
17.00784
9.890262
14.57101
21.12606
13.61009
23.96286
17.94801
19.0942
18.64064
15.22469
8.219758
19.32507
8.706933
18.91894
21.2368
19.76735
11.00497
28.50812
15.81449
25.67501
18.64267
22.69836
19.64219
17.02276
17.02167
20.72991
18.2347
28.86428
23.01778
13.7246
27.72634
17.19042
23.91146
14.17798
21.80918
25.99849
17.61306
12.98819
6.073138
23.18363
17.15514
15.35984
16.17781
17.77159
25.66269
23.23646
20.12364
25.08076
18.18546
17.24198
25.08801
29.84303
22.1864
22.65727
21.61156
24.71162
21.75785
18.26741
15.74822
22.52671
19.17169
19.59682
27.68141
19.43469
14.00554
17.06162
17.59795
11.4787
15.6353
15.98006
19.23463
18.11924
21.14044
19.3763
18.1374
15.13344
19.12281
29.10504
16.67355
25.23936
19.36551
22.84437
21.98626
22.67666
13.47379
20.36867
22.50414
19.90023
23.70304
15.68555
29.03963
19.92741
23.85673
21.29029
19.89041
28.37218
16.87997
30.11562
23.53949
29.89392
28.03714
24.19861
16.62547
29.70818
20.29309
14.93256
10.09047
20.85513
22.43695
16.10062
21.63491
19.50587
18.10378
14.18877
20.05044
20.7694
21.08044
15.88257
16.92298
21.20285
14.19161
20.82732
26.57061
18.84796
19.59446
14.47576
18.92383
22.29553
36.25589
20.78099
19.97812
13.41665
28.99029
12.76136
16.00445
18.25647
20.39292
19.98258
26.5002
26.22847
22.06501
20.91492
24.92772
16.28019
10.44151
20.43447
15.88582
24.65344
20.7047
20.78399
22.13764
15.84359
13.5843
22.98616
27.17837
29.32142
18.67224
9.431783
17.81621
23.14972
20.47858
20.50123
21.18284
19.73696
18.2482
17.97529
22.98094
24.17479
25.72773
20.71108
27.76872
13.12201
27.57264
16.89786
22.54337
25.50894
21.35314
16.99893
22.31818
23.46357
28.7689
24.37207
22.61685
25.32852
14.49767
14.23726
23.89792
27.39781
19.88205
19.49216
18.99458
16.03515
17.91664
20.11368
29.1925
21.66791
18.19944
11.343
22.49044
22.38141
23.87547
24.66548
22.20059
23.06445
22.34534
14.33152
25.0122
29.06208
20.87686
17.60074
22.06265
24.95335
14.61007
22.15004
15.41726
17.78374
19.29506
21.7603
25.15823
22.57016
20.80857
23.69897
13.02353
21.03891
18.27434
16.10525
20.32807
22.72806
23.12793
12.7817
15.15829
14.9847
21.12193
15.21487
16.87172
18.27842
24.09309
21.48291
22.6441
31.88983
25.19747
14.6021
22.71267
22.23428
21.82395
20.80699
16.33146
21.74943
18.46258
20.93523
17.35983
29.38221
26.7393
22.74341
19.3075
20.26747
19.59943
13.32354
19.52436
17.21901
26.02728
26.09459
20.02041
14.43219
15.81849
13.60484
22.74166
15.33167
25.20036
15.07014
12.24532
18.85926
19.94852
20.45321
16.27338
31.87313
29.06355
21.97393
20.06794
19.28247
12.67332
23.30821
24.82163
26.04565
18.07268
18.87696
29.11612
12.28618
14.65002
8.854181
16.16029
17.88396
21.62466
25.77087
23.90138
23.88767
15.19258
22.20399
21.51361
27.9242
26.52101
7.410384
18.9396
29.14434
26.72057
22.57229
13.00659
13.74139
17.2625
22.65629
23.64397
28.83386
25.04037
19.08009
14.45312
22.46197
34.32123
16.57089
15.87763
18.78587
18.27994
13.46007
25.31642
21.85193
22.04597
15.2246
7.651185
26.7566
28.19697
16.57885
29.72235
22.85812
21.35733
22.88719
14.79858
22.03131
13.28042
22.60588
28.64554
21.3005
21.06751
20.78905
28.64656
31.96693
24.75579
22.56185
11.47779
12.32518
29.32727
11.49753
13.55931
19.00889
19.23992
14.06673
30.29268
18.04636
19.05531
23.84732
15.53114
22.3915
18.83482
18.05427
26.29547
14.35253
14.31835
26.89197
18.12854
18.03537
21.44365
25.01477
18.35901
10.81894
16.45538
29.40454
18.38556
21.39255
20.06891
16.62129
22.27005
36.61559
13.45187
19.83955
16.6789
23.67523
15.47179
21.66572
31.40572
31.38218
29.44931
13.57452
17.37127
30.56579
25.12258
15.81034
12.50884
16.94634
18.66751
22.98065
21.23699
20.85542
27.93995
24.93792
23.2272
22.22842
26.42863
29.06504
21.72181
18.33978
12.31152
22.76071
16.76944
21.1052
18.75395
19.72844
23.46452
18.74722
14.72381
21.94472
13.62864
13.80859
14.589
12.83594
17.87806
16.27555
20.49838
23.52292
21.59688
12.33713
19.36903
13.18465
14.85263
18.10695
17.46931
23.0789
17.32445
19.61058
23.85358
26.0723
18.10237
8.603572
25.9553
23.24185
16.95542
17.96971
12.80001
24.05048
18.46231
17.28119
20.81567
22.27503
19.89452
23.35252
16.0105
18.07857
20.56118
20.44193
18.93201
21.52498
18.21151
18.20104
18.70843
21.56689
17.43856
19.49874
21.65742
20.85774
16.99644
22.95497
18.91608
27.13182
16.15571
20.99089
18.23011
22.00191
21.7263
16.21945
20.78955
26.08213
22.80186
19.67464
15.06023
19.67717
26.66364
22.07806
29.28587
15.48473
19.4516
18.41064
17.11917
28.68123
18.98994
21.28497
12.95605
16.78813
21.99405
15.54134
13.23667
27.59091
20.45358
8.433607
20.4354
15.82642
21.03706
13.95055
9.762107
18.88144
18.94213
12.72056
17.98551
20.98102
19.89258
10.66006
21.7277
21.76615
21.94541
28.0395
14.38147
17.12491
19.07863
29.89548
18.59255
20.23818
19.2444
17.24251
22.30806
17.98915
23.28353
18.62185
18.8487
22.17022
23.47556
17.08737
18.35815
22.0218
23.39859
21.70043
17.56046
24.50617
27.34964
26.70122
18.97168
21.54274
24.43769
18.12538
23.10493
24.05667
21.14703
23.81069
12.71613
20.60107
18.07344
15.9656
17.53621
29.10799
16.56591
12.63827
13.32529
11.20287
21.24192
17.35032
28.48116
25.02065
16.60008
16.84211
24.96105
19.16252
17.82585
25.56273
24.55888
29.80576
22.25518
26.68397
20.4159
18.59913
14.75468
22.91657
18.72589
18.8809
23.51664
16.51374
24.52324
17.84239
26.98075
18.58475
18.135
19.75991
21.75812
23.09886
20.34774
23.59792
14.08612
17.94811
23.11632
8.796813
15.61897
17.33856
20.34138
14.06493
13.92607
22.13492
22.13322
17.48447
17.24681
23.03896
25.90003
14.53882
19.21628
20.88394
19.82807
17.57641
19.58406
18.32741
16.12351
22.34083
18.47857
20.51439
14.9621
25.09798
21.27394
22.59601
14.916
19.03906
18.92488
26.6072
19.91924
18.26955
16.50874
21.11187
21.741
25.81675
16.16454
23.50805
19.18337
18.74916
21.21839
21.95084
20.41337
17.5829
24.88552
18.92525
20.65863
26.76191
11.12176
15.01129
18.12452
21.84085
20.40836
23.08892
29.36366
18.15854
16.34493
15.71003
17.4697
24.74516
22.17576
21.21624
26.2578
16.91774
13.11904
21.26388
25.86991
12.74636
23.92311
24.57026
15.93886
16.00947
17.71511
22.01304
11.9787
18.99696
15.46268
20.44051
18.82796
24.79712
22.46448
21.50736
19.74802
17.67732
20.83378
19.94792
18.70876
23.24396
22.54879
21.90327
15.3126
19.93983
20.80079
21.36245
15.83114
12.93868
22.76077
22.35448
21.6685
28.73995
21.38515
26.09326
25.09127
12.26684
15.93718
6.88173
16.89986
24.63888
19.51944
19.70906
9.181176
17.96916
22.37588
17.81758
24.5337
17.69182
20.16681
20.38125
18.80949
32.17465
21.52136
22.22573
21.50102
20.49639
18.8585
20.02831
27.2285
14.04988
16.28614
20.97781
25.90069
19.03273
29.23192
14.0928
26.64225
10.51023
20.76711
18.70829
20.45014
24.3011
18.19203
19.80423
20.29634
22.18071
18.8248
23.5582
20.66747
25.21425
27.63733
24.15013
25.56301
19.51182
20.86835
19.71921
14.12738
26.92044
10.06451
6.958067
20.29928
23.34904
20.01015
22.17894
22.18443
17.32899
17.07336
17.0577
20.53508
25.84422
22.15582
11.21108
19.64752
14.4902
23.5565
20.77018
16.02358
22.69273
23.97995
26.43716
25.50771
22.86069
23.18297
19.12317
19.59486
26.19719
22.56367
21.13668
22.57341
5.905449
15.90679
12.09443
20.43532
21.79721
24.35159
25.04007
25.2346
21.49541
13.50467
18.9369
18.73286
23.37261
12.97857
17.86582
17.97834
16.22883
16.17827
24.08865
24.11494
17.33481
18.25615
15.63271
7.266838
21.82032
20.34293
21.7379
17.58447
14.23909
17.14483
26.12928
21.4913
13.27361
19.29998
22.09978
30.80052
23.04985
28.21112
25.54695
18.18248
23.16101
15.71522
21.2958
20.59238
23.32911
17.15624
24.9816
22.90526
18.22504
22.72039
15.02044
15.91173
14.66531
23.52501
19.98302
17.63981
13.31594
15.85608
18.55964
13.14713
23.35384
30.18448
20.09061
20.50581
15.59424
18.22837
21.05786
31.44939
21.29933
27.23715
16.56845
19.75942
14.28973
23.91007
19.65384
19.81926
11.99475
25.96436
16.88358
15.40995
14.33367
14.92137
30.49881
12.83177
17.88306
19.077
24.88164
33.98796
9.206526
18.41545
23.99395
23.04067
20.7488
12.07654
21.57975
21.25049
22.62174
20.40829
30.21825
18.62009
18.66177
25.50756
27.95928
21.09119
19.64097
14.798
21.90752
22.69774
13.15188
21.82771
24.83779
15.82016
13.59358
24.13385
15.38887
23.45419
5.066121
22.34941
20.7724
23.32365
19.63523
15.75004
16.0348
18.3456
25.02938
19.58408
8.515122
18.0784
26.59708
15.73358
21.34631
23.2969
21.47963
27.01616
20.16418
29.68016
21.45182
13.12854
8.624831
13.50768
27.05995
18.86226
13.34271
23.78683
25.31643
14.75651
21.38989
18.81903
15.24095
20.15295
21.3671
22.7709
22.30014
18.95464
24.1473
14.75585
19.15235
15.68765
26.31942
19.94027
22.89277
23.76915
21.77034
23.15884
21.65734
20.16007
11.01204
30.42741
12.82737
19.44401
16.3809
23.12612
19.29467
25.37607
21.8627
25.87001
21.05202
19.9463
18.61727
20.19945
23.36778
22.05361
19.7339
15.83583
19.67674
26.26977
27.60505
23.40971
17.05732
17.40061
16.79411
19.54958
19.31326
20.2599
21.37166
22.54289
16.62057
22.1096
21.00072
15.49787
24.82391
17.9705
20.48105
16.74628
11.17929
24.85276
22.0776
16.57841
20.70542
11.51372
18.09548
23.1779
20.07708
22.80072
24.70776
17.89648
14.28458
12.51165
21.1366
25.09095
19.46085
22.81988
19.79285
24.76657
27.08151
16.42177
24.61122
18.17021
25.66896
19.89619
16.1419
12.94812
9.978557
22.63559
10.51925
18.06327
16.84239
13.5229
24.25775
15.10125
24.27299
23.5425
21.58079
16.74543
12.52284
23.44608
22.81621
17.35329
25.68134
26.09474
18.57571
25.97908
22.50341
16.55564
12.50258
11.56348
21.16336
15.0353
20.73485
17.74958
15.48545
23.08664
29.41896
25.79593
10.40412
34.83744
20.3713
14.69374
20.87988
13.94638
22.71576
11.17651
14.18559
25.4496
17.11336
15.09517
8.108291
21.92381
25.47181
21.9726
22.58664
20.35339
18.0764
17.70956
16.79642
19.26093
21.89098
13.97319
20.28852
16.31525
25.23566
15.31565
32.55565
18.90596
27.64242
18.90105
14.051
20.24366
19.92734
14.4404
25.52577
19.27479
18.10612
18.23069
38.52873
17.30188
31.40087
15.78126
24.36985
29.26066
17.363
13.20815
13.17511
24.01407
16.72726
17.30416
21.90951
24.29719
16.715
13.3208
16.45089
19.70239
13.07969
15.20755
16.65674
1.913599
17.05879
27.22259
17.95428
21.25858
28.39261
22.26313
22.07175
12.91305
16.088
23.51606
22.86469
16.47004
24.74343
10.45644
29.02136
21.71659
19.10197
16.63636
14.22757
23.38828
20.09373
19.06303
22.54168
25.08979
26.04933
17.16366
8.124828
13.18998
21.10128
17.91026
18.22523
24.43986
19.72993
14.65423
27.04728
20.03184
15.89677
21.63492
22.84405
15.01703
23.15571
12.97222
28.66344
15.72218
16.77053
24.85277
24.41686
16.34601
14.27712
18.808
20.52224
13.55932
19.80699
18.8894
16.54835
20.35027
9.40455
26.2248
19.78129
15.03275
17.11821
14.29427
27.07143
18.85097
16.01255
18.00239
21.90625
18.21319
15.12382
19.23753
14.65511
18.15664
14.01816
16.53229
18.35355
16.09618
22.40093
9.004859
21.98596
23.94419
17.54982
18.99976
18.39714
23.87756
15.76616
10.0226
22.04502
27.59933
23.08002
17.5198
17.89485
10.24133
9.71863
21.5742
28.14331
15.52513
17.70692
25.51281
25.33407
20.07044
21.25493
9.812484
13.21205
12.5805
6.654743
18.57433
21.97975
13.95167
23.20614
21.38668
18.44352
16.86799
22.72313
23.91903
16.01571
25.14382
19.56259
26.81025
11.00149
29.46983
28.55973
16.02284
17.07505
23.04484
15.21929
6.341886
28.69395
17.94254
26.15587
23.10179
22.86056
6.968086
18.14114
28.14484
9.405134
20.26648
19.43707
27.85309
20.87311
23.70587
13.84789
21.61271
27.801
20.13872
31.99465
19.80601
12.13977
12.66105
17.40328
16.73724
13.78812
17.58277
18.06911
18.45584
21.22815
22.29922
14.76668
23.9522
16.82467
18.9924
11.45975
22.04404
27.04074
26.39976
15.28182
14.51569
24.72014
23.81933
28.29758
21.88655
15.05016
22.83501
19.91799
22.39351
13.02855
17.49429
27.53161
24.9064
14.84298
17.95089
22.10719
19.31392
12.17466
18.54446
13.53771
26.89712
17.15154
19.15304
16.33221
17.37982
22.02964
13.07592
11.06768
18.32716
12.62088
22.73001
21.28235
26.17397
24.25449
25.66777
17.08508
18.0412
16.64831
17.13221
19.39859
15.47178
23.86359
13.25854
28.47655
21.79981
20.80657
20.94307
25.42595
24.8447
25.48013
23.85295
26.56722
16.8072
25.43467
14.6722
20.21372
15.17213
27.89958
21.35375
16.61683
18.89684
22.43665
17.97421
26.92745
17.571
20.52522
16.86566
18.13228
26.57519
25.42279
17.93852
35.34642
18.35178
17.14056
22.46441
17.00597
25.78508
34.08112
17.84132
23.84804
21.09514
28.96736
20.84028
19.36229
16.07885
25.56217
24.97822
19.39167
14.76465
23.82369
21.92977
27.92343
27.11666
11.9069
21.12974
21.95657
26.02351
19.38281
12.16575
22.31917
24.75617
21.54023
22.28782
17.46138
18.06521
20.37175
12.88395
18.97156
16.61124
18.27256
15.36615
28.46649
18.40832
21.21628
17.18374
14.32406
28.57306
11.02992
19.68847
26.41038
28.87022
20.7007
12.34868
20.98405
20.07326
16.88904
17.99601
20.2885
19.2624
10.55259
26.13149
23.63965
16.44425
18.08624
24.75176
20.10058
28.39329
22.19552
16.61091
22.28752
22.07657
20.79825
17.96305
24.48695
25.41206
20.26534
15.07575
20.25998
20.78738
22.85497
17.77393
22.36589
15.86161
13.20349
27.67027
25.09333
16.6729
15.92644
18.12373
19.24267
23.01477
28.60673
16.23304
22.31435
14.47393
25.53298
28.23595
21.49305
15.62591
22.44858
5.372774
25.13777
24.14235
16.15753
12.81975
23.46229
28.51432
20.15028
22.32989
25.0091
26.56109
14.94219
18.89777
18.55033
14.24754
25.55713
14.56916
18.1113
11.62111
23.67793
17.8447
22.94793
19.769
14.90667
11.97677
17.68746
11.51642
22.0275
23.89809
13.18548
18.61739
22.74387
23.25141
20.65324
14.33917
21.55042
22.53398
19.31454
25.66637
18.44664
24.444
23.02711
22.68848
5.684908
21.97269
23.94184
24.76521
21.97598
26.11085
21.05456
29.01461
25.55021
19.23346
19.18888
24.45977
27.37075
24.84056
22.83202
15.94478
15.31155
10.16813
17.48703
20.67613
21.35233
19.47181
21.34941
24.61625
20.07437
24.18817
26.19098
23.26819
21.91114
15.64088
23.08098
21.45993
15.19547
19.26892
16.47378
17.87764
9.484251
16.15324
18.2016
18.60218
18.25456
15.18077
22.76235
18.08627
19.32635
20.38941
19.94185
21.1211
17.55202
26.70148
18.37741
18.78195
16.48235
12.84137
15.20247
17.53814
13.12995
17.41076
18.24097
17.68375
16.24336
20.12105
14.87923
16.88117
19.53909
21.65889
7.921738
23.55166
24.94643
22.18696
24.87448
20.49772
25.31675
23.21068
22.9144
14.44475
22.96471
16.76022
21.87092
26.86756
23.38868
16.41244
26.16293
22.82704
19.76479
20.9108
21.7954
22.33528
19.45012
18.83959
26.32886
25.74779
21.66139
26.64374
27.69591
20.03322
10.87565
18.73617
30.75955
23.82407
19.38214
25.0657
10.96242
14.43697
22.3341
24.62563
23.40551
12.6238
12.42718
17.82525
20.94629
17.06732
14.11448
8.245607
26.47486
16.67261
26.02135
20.37894
17.31921
11.44708
17.99225
16.38614
22.97322
9.091174
18.89534
15.95813
25.67344
26.08724
16.03391
11.15043
22.7101
23.49861
16.61691
25.15163
19.08248
20.98103
11.44141
23.44878
17.23532
22.0361
21.94532
12.1321
14.68772
10.70346
19.1741
23.82851
23.22239
19.86338
17.3884
26.18394
25.37707
27.99171
14.85653
19.72016
27.03181
21.26223
21.25289
22.10086
16.0858
27.0702
28.20994
15.22469
22.78248
20.57983
28.58414
19.37114
22.2873
14.14637
28.60478
18.35386
17.14488
26.11972
24.24702
25.62851
20.87132
17.56754
26.23172
28.06368
16.13586
17.20158
19.65384
20.77415
23.58561
20.42509
16.82676
24.36012
22.59643
24.96043
26.03217
22.61081
23.5618
19.05953
24.74072
21.08456
23.82418
20.07494
25.48234
26.98875
15.87252
28.0138
17.12354
23.99018
16.67888
11.394
13.61006
21.46439
13.73177
22.89422
17.68744
22.70314
18.10411
21.24155
19.16634
16.40354
20.02031
23.89921
23.97722
21.73864
21.00718
28.06744
16.8067
10.11851
25.28873
7.369603
18.72318
14.19794
16.73422
27.03503
12.75412
17.3336
24.65922
20.27894
25.53178
15.35033
31.45145
20.60162
17.12268
18.61044
19.64005
11.70742
18.53231
18.06101
14.38826
24.95997
14.90273
21.92996
22.09468
18.11546
18.46382
22.8371
13.43474
15.51326
24.61635
18.20069
22.70735
13.65965
18.46759
27.74795
16.17929
23.90821
16.50146
25.66655
22.68445
25.18978
21.18839
23.29737
17.48417
27.03714
19.10404
24.83714
24.77404
27.92802
21.85821
21.81812
24.51435
21.02245
17.70896
15.89291
7.555357
12.73013
24.79888
20.23444
16.42358
24.33335
21.70466
27.9673
23.10837
32.86825
22.70462
27.10423
28.55161
20.23602
19.46471
19.24773
19.32461
23.1696
16.82898
24.0783
25.50816
28.2856
15.82291
20.58052
24.02166
29.61826
24.9783
20.78037
23.58599
15.44825
20.4259
26.58658
25.06936
24.22544
26.46732
23.33551
28.011
18.19429
17.10353
15.03854
29.23005
15.0718
28.29555
18.78118
26.20373
20.18964
26.24079
20.09204
20.05747
15.62117
19.85633
23.1896
19.96908
23.68338
22.70262
20.39191
24.90604
23.95616
22.9543
26.99318
25.97761
20.27978
23.50983
16.51954
21.40273
23.03212
17.16342
24.55475
14.30514
26.54737
30.59891
27.03653
14.95778
15.04122
21.01996
29.33672
19.76602
19.69797
17.00456
24.97791
19.24666
21.8255
21.30548
23.14564
23.20883
26.45441
21.84038
22.36715
24.15551
18.57357
11.37414
17.80187
29.54576
9.614759
24.46535
15.56456
22.99364
23.22324
21.53011
12.3982
19.61474
17.79842
13.33319
29.47229
23.03837
15.53594
14.44289
7.694834
19.65323
19.34613
17.74168
15.85518
19.68826
14.16516
24.53228
19.50125
33.75632
15.24168
17.40187
15.72924
23.26447
25.42022
13.01421
15.20562
7.52676
19.75484
22.76768
20.10182
10.88876
30.53244
20.07172
24.94792
17.28093
18.25717
20.86129
15.9961
28.42169
24.31839
14.10493
21.66239
26.25539
20.42346
25.35691
18.30168
21.80172
12.45656
18.17161
28.80867
17.11279
23.15112
25.85594
20.18099
15.65659
16.59796
22.32212
19.48761
24.04309
24.78782
9.901458
15.66829
20.77739
19.68245
29.38255
24.09138
19.93076
24.72142
12.39714
19.79732
24.0014
13.16859
22.85536
17.39727
17.88394
29.90895
14.73354
22.18919
20.34169
27.50555
20.95978
21.78894
15.84371
27.75686
18.05904
15.61292
19.88514
23.30297
19.42038
31.98418
25.30348
23.95353
20.72832
3.960521
23.47296
18.18122
22.36261
20.49774
16.79465
18.35793
20.24243
12.5852
21.37383
17.733
20.01796
24.47459
26.3398
16.73504
13.72504
22.6991
33.94723
18.78779
26.49442
22.16361
16.23869
15.8673
24.55395
17.79319
17.68997
9.997938
23.8857
24.58144
17.29924
15.96678
18.44033
21.76943
25.25624
24.5366
13.18979
23.10368
20.91557
18.25757
25.24376
27.42481
15.42614
12.63292
19.24313
24.44439
19.63756
18.25122
10.39744
26.35491
16.98227
23.22861
29.15554
16.69843
25.46063
15.81761
27.59864
21.49818
22.97166
18.46733
21.20616
21.30856
22.21685
14.88646
16.1204
25.51891
21.01008
23.36327
15.64104
21.80809
20.66645
16.28118
22.72383
30.80323
21.72957
26.62599
17.04818
28.09192
20.99467
15.60244
20.32079
27.76727
20.62939
14.35271
14.93999
21.36663
25.87638
16.10453
18.96021
22.48627
22.14704
8.220571
19.7378
16.01135
22.74426
22.65783
15.83444
22.80594
20.34142
27.03363
17.31969
10.24939
16.63191
15.74466
25.35209
24.80219
17.00044
22.8875
27.12649
26.61776
16.13262
24.75757
23.37168
23.48131
20.74709
19.53784
26.377
16.5655
23.98744
15.33955
19.60423
16.96225
27.96354
12.47532
21.63565
25.93463
24.19285
25.7812
18.55986
22.89792
16.77892
12.7132
13.86355
21.38773
17.0331
19.8563
18.73807
23.85419
22.31411
26.50875
15.66084
26.34138
25.16717
20.54554
13.30471
29.76888
14.30598
16.56316
18.85
26.71892
17.44571
18.7853
16.28981
19.97565
22.04287
20.07434
18.48873
17.093
17.84343
16.67227
20.85883
11.30493
22.30046
22.19524
20.68013
15.65591
22.39378
18.06621
20.56553
15.42756
18.80753
15.14034
17.22406
30.43665
22.95872
21.42736
12.30122
25.91051
17.36318
22.80116
19.04403
15.07374
24.86375
15.35476
17.36326
18.33916
17.04961
27.20029
18.34711
20.54119
10.25653
15.66064
20.61655
26.58829
16.57066
20.34933
15.61864
28.22612
14.31378
12.31061
16.04404
14.65267
23.52421
24.1412
17.86691
21.10218
27.98533
25.13522
11.89013
18.63495
19.95223
24.75437
20.49384
21.79878
15.02283
16.66925
21.33472
22.40088
25.78799
7.196124
17.12633
7.359428
22.34727
19.40099
15.38478
15.43946
24.50205
19.43692
22.90337
12.4715
18.36807
24.27155
12.11281
19.87621
26.91907
22.25563
13.58328
21.48596
7.466972
25.15086
24.00349
12.38248
18.13429
29.33021
20.76038
22.79285
21.90502
19.76335
21.54349
23.97579
23.42254
19.98378
21.11089
12.35507
17.92612
15.11877
22.55383
21.35214
22.14411
19.89208
20.84491
22.85965
28.93827
19.41195
21.42187
28.23339
14.57331
22.92152
24.45904
12.00062
15.90787
20.11112
19.7885
14.12518
19.85039
21.09247
14.30688
21.76085
23.43806
31.78179
18.36295
7.596171
13.13879
21.13698
16.88899
18.24922
27.59183
24.49265
22.28238
23.86484
28.18144
22.93319
9.235249
26.12285
17.42741
21.05579
27.71821
18.52695
19.94974
14.97309
13.64394
17.63037
20.43329
14.60341
17.26671
22.5228
19.96626
14.10389
13.29219
16.95627
29.77468
15.45261
12.78874
28.1099
12.83808
28.53591
9.962206
14.58237
28.37359
26.91865
33.6443
28.57158
18.80051
15.89869
19.6573
5.437341
19.62233
27.96059
11.06763
20.61467
21.44551
19.90314
23.71671
20.40795
15.45626
17.16819
19.59044
17.67448
26.46223
18.94959
25.17185
21.18805
21.9628
20.36992
15.29853
22.76949
23.61888
30.75074
22.08009
11.65947
19.15393
19.94717
26.28891
17.54474
10.92232
12.69617
13.28585
17.02337
21.59074
27.62937
20.30141
21.78259
16.74649
25.30472
15.38868
25.05314
28.44177
17.85126
26.83537
22.53077
16.28066
17.73847
21.63876
26.28862
13.61132
19.13725
29.96809
23.6436
11.64239
17.77463
20.03476
19.46243
19.92148
17.41744
22.83395
16.27982
10.41541
22.91928
21.14431
21.78369
26.03493
26.84229
23.0277
29.35734
13.8627
20.99343
15.25708
22.41623
18.19441
23.16856
22.27231
28.36831
17.0658
19.27847
19.00347
20.55402
20.4637
19.36978
21.35741
16.00034
20.83937
16.61753
10.57266
10.22914
10.03025
6.644332
14.91571
15.88505
17.57533
25.60533
19.9067
20.36916
14.42211
17.38456
16.59905
16.00526
13.97841
25.49969
16.21558
22.35694
23.97288
14.82427
16.60888
15.50897
16.52264
18.27416
26.06699
22.47492
21.07596
12.25611
24.48217
21.92646
13.3946
22.16738
13.80415
18.52159
16.51373
22.15123
28.31683
24.97568
9.32589
30.14708
16.08903
10.25318
13.95572
21.19065
18.42789
20.20849
16.93328
16.26708
13.04243
18.01218
25.37332
19.34206
12.30487
16.77456
12.01361
23.40893
15.11889
15.05602
24.03342
22.55777
23.18896
23.14958
18.12606
14.59195
31.92608
14.69471
27.70356
22.99054
27.01832
20.33574
22.52558
16.81926
21.74353
16.37864
16.27723
24.07941
24.88447
11.96275
22.09489
26.98366
18.36787
20.60167
25.93465
12.19757
19.43192
26.95404
20.88584
31.20853
16.21502
27.22802
24.60082
17.23052
25.0119
29.67055
16.15605
12.09127
13.25644
29.26359
22.30319
25.47877
19.89917
20.42513
15.43654
20.04599
24.98088
27.69658
19.55371
12.93936
16.13339
20.70771
17.92132
25.48202
23.93427
22.79247
14.7903
27.34315
16.01884
21.4867
14.81202
17.18761
18.45285
14.47025
26.27824
28.12497
20.72216
14.37029
22.22027
23.74647
20.37064
20.06386
17.97891
19.0211
18.11506
8.847113
18.23023
20.75193
12.39995
23.1581
22.42193
23.25859
29.09551
19.10507
25.40308
16.69162
16.14967
20.0125
24.31652
10.41233
31.55968
23.93197
13.99763
20.39676
7.279116
24.39906
18.61294
11.94444
26.33942
22.42715
30.35603
17.58218
21.22619
15.87547
8.260486
12.10617
25.15168
16.66061
13.87867
19.12119
4.845585
24.37697
29.48626
18.17179
22.47103
22.3358
16.85399
22.27425
25.46538
28.50459
15.2873
19.7547
14.47218
20.86733
21.19397
10.35689
18.20089
16.82428
21.84381
13.77015
31.15019
18.09089
18.35868
16.3725
20.59128
19.96693
18.859
23.03964
17.23378
18.45767
23.49101
25.0345
27.0249
14.52808
19.01332
21.00547
13.10122
19.57655
17.52392
20.48805
18.73872
19.10784
19.87467
22.49865
25.29891
24.19634
12.13317
22.14009
21.0013
20.32859
18.07649
26.7436
20.51162
17.17352
21.00014
21.69384
13.19808
18.41331
17.32384
19.35522
23.56113
18.33815
20.87573
27.29354
13.45679
16.37454
23.88842
25.67841
25.49542
15.31544
17.037
22.55228
21.9778
21.81654
25.64286
20.88408
14.04905
19.39374
10.22818
29.7985
26.62141
22.75737
18.43081
29.30639
17.63849
17.30624
20.50416
13.39161
17.634
14.13728
18.94042
20.2912
26.30057
13.15306
24.84969
12.73128
13.81656
24.66264
6.686912
2.119886
26.45186
22.77635
19.26084
26.50511
11.51629
18.39199
21.92709
27.68529
28.00819
9.356212
21.61974
9.776866
22.38484
22.606
25.21232
14.05684
24.52485
25.41588
19.53971
15.45408
12.51969
27.20136
16.09994
18.91267
18.21216
22.41684
17.47712
10.69888
19.5016
21.98036
19.53738
13.86448
21.44977
16.33381
30.21928
23.52476
23.38654
25.38035
22.823
22.74462
18.5807
19.6551
17.94431
25.06659
23.55957
12.66202
23.85253
18.91983
14.64248
15.1742
16.95571
29.56893
6.991825
20.59659
21.69614
18.03385
16.02546
26.80196
16.47862
25.47857
16.83414
25.78483
9.245893
17.90172
18.04811
29.56959
2.686453
27.36904
7.441332
16.42064
20.97113
19.35079
21.56529
21.22518
17.79629
28.33361
19.97143
19.77631
17.84694
21.28295
21.91414
24.97978
20.24478
20.40499
21.48452
15.63296
16.32836
12.94411
18.2532
17.47133
22.74795
22.62641
17.14813
17.72725
21.20811
25.20309
25.81921
14.73965
22.38335
22.19915
12.09383
25.12476
20.48331
22.63962
14.71153
20.08405
17.9088
31.72651
22.0819
20.79948
9.701509
20.49478
14.34046
22.82978
15.41202
21.06113
20.59054
21.00813
24.61961
20.2676
25.28384
11.75841
21.71608
21.24336
21.04501
26.98013
15.24422
21.37359
27.26231
21.10117
23.93213
28.68462
15.5384
12.63256
23.507
13.54606
18.22455
18.70123
18.68149
20.07951
20.03014
19.89445
20.80631
14.69219
23.53893
22.02547
12.0937
14.88884
12.38384
17.46241
20.99063
20.37923
25.18443
26.9689
13.95369
29.04133
18.47794
25.96851
23.42085
12.49957
19.67081
25.84695
25.20367
20.62686
17.20787
19.44232
21.66387
25.33457
22.97771
10.0636
19.9301
11.86927
23.168
24.31149
19.39177
27.80796
13.88457
5.177535
23.95547
23.74915
23.20305
23.42125
15.47558
19.89898
22.32692
15.63702
19.99815
12.13675
10.06585
9.515071
15.98205
11.5446
14.68995
21.16277
26.89454
19.00107
13.7465
15.49419
24.92064
15.07688
19.1991
19.76147
12.43514
20.1299
14.71736
17.67511
23.50846
27.42901
21.22352
23.74646
31.4543
21.95615
11.08247
19.03931
15.43059
27.0125
16.17371
25.82723
28.55093
15.04191
21.27808
24.02754
29.84158
23.91007
23.52614
17.50963
19.30133
15.4327
18.84996
18.1765
18.44009
18.41666
19.98039
20.40485
17.99314
13.32149
24.14656
14.88046
23.75757
17.99234
5.774809
22.62183
18.04703
16.32152
21.41852
24.25159
29.43265
16.1096
18.28012
19.21216
16.55678
17.90374
19.07704
20.86515
19.39328
14.8776
17.22044
16.55415
22.84043
17.66806
23.36544
24.93077
21.27948
19.89505
21.51465
24.34493
28.53542
22.79203
21.11317
20.80411
21.84643
22.68418
25.96591
22.6129
26.49681
25.47826
10.73205
18.41419
20.88415
27.89891
14.37528
20.96792
25.07158
22.24804
19.72495
17.34085
12.79125
27.65686
29.29412
24.38078
14.28905
23.26046
17.53759
13.78267
23.16457
17.44719
15.13362
16.97966
16.07067
15.91172
21.50487
18.33996
22.50479
22.48511
21.16396
17.42632
20.65913
18.81536
21.33055
15.74627
22.69299
21.02549
17.72277
15.62415
24.18246
18.40468
14.65391
19.10052
12.64599
27.79287
26.35464
17.2179
15.32141
24.34014
15.62796
23.15969
24.65503
17.15565
16.43104
13.77905
19.37802
26.64485
22.29858
18.30935
12.85238
23.74809
18.19424
17.99289
21.11254
16.13889
16.72042
24.19645
14.3137
21.27403
18.67532
12.97408
25.55273
21.591
22.34086
25.30008
25.33153
19.50815
16.60129
19.4805
14.19005
26.4425
24.62454
19.32998
19.97651
15.01061
23.88858
18.00574
28.17588
16.17648
8.157314
16.96553
17.25048
14.44619
25.19606
24.23539
21.50197
23.51641
28.72711
20.7869
17.18522
15.26172
20.25966
20.22782
22.58117
24.50142
13.31929
22.54179
25.96972
19.60248
22.18963
21.40066
27.30847
19.08421
12.72254
16.92145
23.9382
12.41421
25.96179
17.76658
17.65406
14.17513
2.100809
17.05425
6.112723
17.83576
17.35593
21.99511
18.10435
20.88153
20.33774
26.84587
22.12344
31.07162
24.72833
13.36089
19.85572
23.83906
15.81084
26.29707
18.5957
25.7178
29.06514
18.31817
17.44905
31.81126
25.15504
19.13147
29.17598
27.48798
24.89926
21.02805
25.93578
33.35917
20.40398
22.02094
18.55482
23.47109
21.83359
24.15745
16.43155
16.75245
17.18764
11.99667
24.48635
28.38855
19.81721
20.61611
13.04881
17.56875
20.64673
16.14662
21.74141
15.5649
20.26475
18.85323
23.50896
23.25321
15.81381
26.75949
24.22028
20.66592
16.12368
21.42094
15.50263
18.21801
12.57811
26.53006
23.2425
14.33202
20.81971
20.84716
18.20438
18.16756
17.80238
14.364
13.31339
20.17612
20.6639
18.77822
27.39115
17.69552
20.56064
18.50669
14.20374
19.32934
18.0081
19.39139
20.50982
19.61702
14.28099
24.35354
17.92626
18.48121
19.46781
18.33321
23.09961
14.90211
21.04494
10.13684
19.88106
17.01624
11.92359
19.5867
25.56562
19.18615
22.8037
26.11992
14.00543
18.87671
13.03256
24.54111
3.625146
15.31519
27.1385
18.70822
16.53827
12.35323
18.68852
18.83195
12.87405
16.36823
27.21151
27.45831
23.13097
28.6049
24.1489
11.3517
25.43116
23.49581
22.7938
17.45918
14.13497
9.062434
25.54754
21.54981
22.68949
19.23228
27.38149
15.49624
18.76477
19.61584
26.13959
26.12213
10.24311
31.8609
22.60104
13.52169
19.41788
21.96521
21.45641
19.87173
13.90597
16.31972
17.52957
22.60225
24.7749
28.21391
25.60428
21.05123
22.19858
18.43789
15.95859
19.77809
22.46546
22.87521
14.33891
18.78842
21.31399
17.45747
21.65534
19.04113
33.38021
22.05687
23.535
16.28247
11.3668
17.669
17.57402
24.04103
13.46975
24.02154
20.16629
24.07495
23.67131
25.72606
25.90627
17.83326
19.74212
18.87036
35.82601
12.80413
14.6955
13.77956
14.83573
13.10112
24.63663
11.7622
30.75915
15.72499
25.69676
19.76485
18.81456
15.84064
13.54018
15.20587
16.01497
15.50432
26.64018
18.51587
25.73386
20.47156
27.1466
11.81982
22.48027
20.03429
17.20209
20.476
18.65275
25.45447
16.05577
19.15819
19.82439
14.57337
24.74412
13.46517
20.40713
14.1978
26.20711
22.49594
14.28141
20.00676
18.72291
17.36887
25.15668
17.86556
19.04677
11.20258
13.56013
26.65556
32.86297
20.9666
21.19598
25.19592
24.98903
15.09483
24.75491
20.81911
22.38877
28.08194
19.10626
21.4676
21.73675
21.24926
22.36414
16.06629
18.84457
23.20517
17.43036
26.80522
13.88977
17.45784
10.78699
16.04921
16.22647
22.00603
28.46151
16.53752
12.55059
20.07694
13.91078
21.72136
26.51795
21.15324
18.39008
25.90148
16.87901
21.82277
18.20292
17.48058
22.89628
21.3853
18.96135
13.81809
13.8523
25.46694
22.40901
17.94568
17.67916
24.28118
24.28231
15.34664
23.85761
17.09027
15.02855
24.68656
20.83992
13.42084
36.04749
24.42406
12.52614
27.16661
16.98575
29.27965
21.11181
15.35078
16.52948
21.31876
21.76314
14.26172
24.39491
29.47417
19.42334
12.45428
20.72991
13.35685
35.89349
22.17356
17.33815
12.0568
31.5765
27.46853
11.32734
20.06352
22.2988
22.71849
27.13175
17.1699
13.53394
21.95833
21.85154
14.91383
20.16291
27.70976
27.10583
16.8882
17.08237
21.61685
21.09756
22.35342
24.55431
16.5212
18.15014
18.89382
20.58257
6.543605
15.63983
23.43032
15.33114
14.2795
24.09681
20.45254
22.04538
12.60345
19.92343
22.77152
21.03372
22.71143
23.41629
21.86157
30.48122
15.49812
20.14631
17.28117
22.31933
26.68867
29.57635
29.17123
18.59634
26.50648
21.46875
25.07638
19.42948
18.58386
15.722
23.01689
21.53025
10.65744
14.58632
16.33084
23.30275
16.33286
22.15001
24.45664
21.53037
19.41962
12.99906
16.77652
20.76472
13.48098
17.70651
18.75376
10.70401
21.18836
21.73715
23.1646
14.97932
22.78212
25.43449
18.18976
21.5219
19.16162
19.73736
27.1158
20.01764
18.90945
28.69969
16.69303
29.71862
26.79225
26.45167
20.34693
24.61976
20.91745
29.88105
18.8904
22.02976
21.31425
12.98693
19.11848
23.55179
21.06317
16.67245
26.78334
8.480252
23.0388
30.93761
16.71052
14.93873
22.31286
24.72133
25.16793
21.51414
18.02544
17.23464
15.95751
25.41995
18.49443
12.79314
17.66134
12.46964
21.79731
16.25466
19.97026
13.75909
18.60269
11.942
23.53618
18.96391
21.64834
25.20149
20.74457
12.036
22.94199
19.22153
16.76283
17.75482
21.86245
25.1901
28.84537
16.57794
16.75117
21.75433
18.38327
25.14427
14.79916
12.86479
21.04447
15.06481
12.63322
21.18208
8.189791
28.10521
17.76284
16.23041
14.04476
10.93362
14.73532
14.72268
18.35166
18.65327
27.31249
21.01452
22.20831
22.65827
25.67863
20.35169
18.32856
17.63997
20.53989
23.42409
21.56801
23.79015
28.61585
23.73227
19.99166
6.004589
29.80541
26.54178
25.04959
20.82016
15.87394
14.15273
28.8831
14.98033
14.73289
24.2214
22.63096
12.0621
8.504724
14.5068
22.68536
11.40395
16.15323
15.1627
21.75178
17.2784
16.032
16.49677
23.17702
13.82838
22.18277
17.674
13.50804
18.08701
16.27518
28.54155
13.24566
23.26025
21.37734
14.90057
13.60137
15.40851
19.37191
18.43805
16.3984
20.76902
16.87538
25.30767
23.4279
9.991964
20.75284
28.1121
19.87166
26.4171
20.88349
13.66877
13.09523
16.88975
23.44043
20.01429
18.54765
19.51025
21.52262
21.11872
15.15727
19.38854
16.98839
23.37125
18.24933
25.21354
18.23803
14.20636
20.80883
23.79613
20.23705
16.40619
13.30464
26.10214
16.29742
21.80352
16.45714
10.50701
16.22553
20.52826
27.32453
15.47563
18.2804
26.38072
18.85338
19.57464
18.89921
17.38804
19.35526
21.52933
27.10859
18.53836
25.69909
23.84542
15.6167
16.84058
26.18676
22.15416
24.42026
18.15499
12.77136
22.13271
21.71748
21.04282
16.3868
28.28038
20.00272
20.3822
15.77729
15.67674
21.17313
17.81271
19.87301
19.92729
12.03068
17.43234
27.39641
24.56998
18.92899
20.19428
18.54809
22.01132
21.78711
22.18279
21.96792
21.72202
23.26691
19.3006
14.93316
13.74454
25.07265
21.45561
25.47181
10.58767
23.31401
13.99637
9.8656
15.99932
19.83418
17.55374
19.73925
19.31364
24.6801
17.43417
21.69254
19.78546
21.24455
24.3438
13.54281
23.67774
23.99669
22.01672
14.94361
19.56332
21.61236
25.7948
22.83128
25.48042
23.55142
24.15589
23.42084
23.27656
13.39023
10.02202
23.69885
26.78049
17.18014
14.71793
25.40119
20.66493
22.73417
26.96648
12.11791
12.19154
26.13526
23.79746
20.59539
27.09141
22.92107
4.104064
20.07108
20.1737
27.42082
27.81311
23.27057
18.36126
16.84643
24.85326
25.68934
21.30482
13.77533
20.23304
24.52621
12.96561
16.03335
12.57889
13.09501
14.9953
23.32296
19.95034
20.27974
22.3954
18.56935
13.85055
18.32112
21.97913
17.84305
15.10808
25.04378
22.79504
13.10961
16.23101
20.58301
15.98976
14.42091
21.99461
20.51092
17.34967
14.48658
18.81959
22.05776
21.59103
19.57881
20.70865
25.48217
21.45879
25.55579
22.59137
18.6613
22.8529
21.5241
24.51306
17.19579
22.05216
14.04021
10.6182
17.59281
21.47421
21.86106
29.1016
25.59039
22.85733
17.00119
11.53533
30.22429
13.36589
15.50553
16.67553
20.94069
15.30952
22.07054
14.91048
21.90808
11.08769
21.05729
25.71478
16.63069
18.94839
22.32151
22.52407
29.72974
24.40337
25.64593
19.34062
10.59282
20.23975
24.09692
18.88403
17.47753
23.51492
21.78636
27.98176
27.12193
29.78138
21.66077
18.30597
19.55398
24.31649
33.3013
18.16669
22.00387
5.714064
22.84713
17.92436
21.86075
33.0094
19.42499
9.370649
24.72926
17.64959
11.37337
16.11406
16.58941
22.77274
23.90484
18.06491
10.04619
17.95401
28.77028
11.03251
14.67533
16.67541
17.91622
22.50769
24.09116
23.85374
19.29806
22.66968
17.11989
18.3886
7.95482
11.54803
16.86604
9.758012
26.18762
20.07271
20.25833
22.07544
16.66905
13.84666
17.56352
17.27759
20.33641
16.64715
17.78789
12.82266
21.82698
19.35072
26.83839
22.25288
15.72104
21.38531
17.00609
22.26632
20.57927
20.8327
13.38225
16.2868
21.12855
14.7401
18.83017
20.47191
23.06284
13.85931
24.49625
25.67135
23.22573
27.89816
23.85907
18.44664
24.30474
25.72842
21.61239
11.01564
18.84971
18.32629
14.92688
14.45674
31.45229
19.81365
21.86947
21.0092
25.46579
25.10496
21.1375
22.87425
16.58124
27.8415
21.84344
18.59358
19.26138
16.93898
11.46573
24.61202
14.89303
14.0934
17.48467
9.561113
21.07076
22.52121
10.19299
21.50404
22.02809
18.41751
28.17465
13.63785
22.92066
18.69788
20.67204
19.07897
21.19843
22.24269
19.08359
24.54309
30.20274
18.70705
11.36244
26.34285
18.95768
28.52208
12.61491
19.42679
24.62849
16.54663
20.16235
15.88085
27.37049
13.79106
19.97075
18.10528
20.0911
11.24329
12.16043
14.36444
19.39232
19.01342
24.90317
26.45968
25.0342
28.83856
15.20825
13.7475
22.21487
27.18918
24.6287
22.51395
25.69567
17.85377
15.13806
14.56643
22.38687
18.66104
28.73411
16.42077
20.534
15.37003
14.66476
21.51243
22.22972
22.07617
16.67681
23.11673
24.05584
24.08407
25.21579
18.95541
23.03134
17.48464
20.88298
15.51285
24.05341
16.3341
18.55043
28.8194
24.06119
20.16224
18.53805
19.8206
22.36376
15.83481
21.19513
19.91627
21.87774
22.29743
24.57252
22.94879
13.32035
22.33798
28.74716
13.82257
24.90319
20.74295
26.99338
16.52457
16.9432
16.44994
21.4802
22.34789
12.69222
21.5029
6.760873
15.32206
22.37743
16.13661
24.80884
21.86748
20.18175
13.93965
17.19721
16.31511
11.49658
9.981284
16.67988
26.86687
21.59415
17.84857
29.03923
16.56432
7.397349
23.78439
22.78876
19.80422
17.85648
12.23601
16.2708
21.68127
25.76887
16.85486
20.93989
21.22634
13.58156
7.134998
26.61688
28.58528
12.88407
21.2053
12.21635
15.23946
20.6523
27.27156
28.37907
18.46476
15.70652
19.46147
20.17948
18.30766
20.8071
22.60201
16.74322
26.09127
17.9288
15.44734
14.14415
14.28849
15.57958
10.72876
21.40545
17.63799
17.851
21.83853
19.36466
20.04144
15.70894
21.36345
17.0584
19.90694
16.00441
23.60535
19.76873
25.89211
24.79037
18.68807
26.0195
19.11599
17.67822
23.029
30.11965
15.26247
21.31037
16.34867
18.95476
18.27114
23.75462
21.12734
17.89559
23.15166
26.90989
18.60785
27.25967
26.72557
21.38237
24.83528
17.90669
25.8692
19.55462
15.35959
21.31276
26.16445
16.91322
25.45749
27.17957
23.41052
13.76314
14.27995
24.21915
31.22428
11.2721
25.80498
18.11299
26.13435
25.39842
24.87966
17.29708
23.30554
25.18347
22.87104
8.664186
21.7601
15.35699
30.0538
29.24194
19.89975
11.4378
7.816176
16.36214
15.76924
18.27218
16.03578
16.18036
21.35156
21.2008
22.70925
28.96641
25.48116
14.37118
12.9739
13.28693
13.40006
12.10053
25.55702
20.52978
27.333
21.13221
19.53653
16.53091
11.08316
25.8603
13.62223
23.27698
14.80679
20.58739
18.88185
21.31786
25.26485
16.40451
18.59523
19.21653
20.04234
24.21433
25.31562
15.35307
14.0526
15.60691
29.24228
14.58843
13.55989
19.9109
23.88365
21.65716
21.52065
9.938787
17.09367
11.0006
9.357359
19.3754
20.08017
17.45826
22.86861
21.82893
18.93671
19.32663
19.547
22.05246
21.38177
13.51609
9.543352
19.40088
27.58864
17.158
13.56251
19.7279
25.10449
24.09534
16.43756
25.05718
8.207091
18.89879
24.18287
10.78837
16.67852
21.13429
26.7586
19.06123
15.39208
24.41768
14.83651
19.75914
13.77429
20.95891
7.344155
34.26646
26.17213
24.95819
21.31291
23.81464
20.01796
22.80167
23.06522
30.49308
27.85873
24.99231
26.70855
22.39038
23.03228
24.15753
20.83091
16.17727
26.53028
14.39754
15.9288
15.27817
19.86843
14.33493
17.70739
22.71379
17.63187
14.37549
19.74813
25.8243
19.36935
16.86502
19.91146
24.85789
14.33831
17.81953
23.09941
20.40209
17.82734
21.32926
20.54269
20.17647
24.96837
15.95036
19.03317
17.16138
16.59411
15.6138
14.97183
20.53802
21.81727
22.28159
24.6197
24.35829
18.45426
15.28264
18.27671
20.70014
17.69452
14.54276
17.58458
14.15811
18.78573
13.24917
21.40005
19.98892
17.72935
27.05957
20.76702
23.28967
24.45195
23.43145
15.27217
27.59345
16.31369
16.91622
15.7458
15.71393
23.07192
16.02761
13.53306
22.39218
14.93781
13.39721
12.96373
18.66335
20.79935
9.177533
22.12281
13.86786
8.909529
23.82347
27.61196
27.53846
20.91234
11.81647
10.94908
20.80981
13.52873
21.8359
21.64514
17.51923
15.86008
23.29554
15.8257
19.87346
23.81935
25.95504
22.31119
13.35284
19.8917
20.30098
11.52285
21.37383
22.55398
19.72381
17.68129
12.05283
16.03632
20.38513
21.62316
11.64636
17.61933
24.87995
23.58376
17.11873
20.11252
23.98333
17.64477
21.63429
16.98082
20.94925
18.21274
25.3972
22.40977
24.41715
17.31287
21.46247
22.82066
10.37736
24.49482
21.89216
24.23309
28.57859
25.37728
14.47494
20.21704
14.1866
24.9621
25.12048
21.87301
19.81815
15.57457
30.14992
18.97402
29.05973
18.55298
23.77433
17.81843
17.35018
21.93455
12.2929
22.63003
16.64418
20.43934
21.90575
25.35545
18.60302
14.38006
18.4781
15.5924
26.85948
15.47268
15.42961
13.18626
12.79754
21.3395
16.73263
19.68563
23.53732
11.73445
24.95526
20.95146
18.91134
20.19689
15.62092
21.86642
20.08618
24.42403
21.92303
17.37454
23.84589
19.90452
17.4762
10.95701
22.691
19.43268
23.44952
15.29409
14.0232
21.05223
15.54067
21.12247
21.30569
20.97884
22.83512
12.75994
25.34677
15.78577
27.91636
23.27086
13.7118
24.56176
14.62043
19.92965
14.79131
20.44747
16.98439
29.71659
25.00094
27.8559
28.49539
14.07074
21.21279
14.83915
18.48022
26.11541
18.29608
28.40581
21.90998
20.55382
14.42839
19.93086
18.25204
21.75648
27.3003
20.40563
21.16494
25.38228
27.55001
25.65605
18.85203
20.13045
19.24062
18.46829
14.86613
23.61383
16.53323
15.1585
6.010476
25.39375
14.65206
19.49692
15.94495
13.21431
25.202
24.59587
24.67186
14.20989
22.18421
15.79069
22.14352
22.73292
16.61236
13.16801
15.69519
23.12944
13.91823
14.2254
22.43217
20.78903
22.02473
22.23657
20.99025
19.06585
29.73499
20.08368
18.50169
23.7476
24.80918
22.91549
21.03366
16.67481
17.39704
18.7103
16.91436
16.48516
20.30118
13.24811
14.71686
17.28475
19.26615
21.00031
17.62869
20.48243
18.55025
21.05754
18.14722
16.36396
22.21957
21.31038
27.94888
10.79879
17.83466
22.40854
18.0038
18.82427
7.678053
21.93322
22.673
17.09804
25.06615
20.5927
20.02158
18.83167
22.79123
11.41336
20.12768
14.34417
20.70234
21.67125
12.85598
19.89211
12.14776
21.7419
28.38108
12.0398
14.64662
16.1714
17.67199
18.08778
20.96407
11.80394
19.39798
20.34023
27.04348
16.63137
21.05025
17.75674
25.69927
13.19756
13.93112
23.10828
15.65471
14.96746
12.03029
25.70536
20.39717
26.08982
18.39486
21.25282
18.46335
22.60641
20.73887
24.16705
18.72349
16.96396
13.81327
21.49486
18.19705
24.63994
17.51475
19.51542
22.43691
23.99944
19.36472
24.11661
21.16451
31.11547
23.50011
27.83402
23.27593
19.91148
25.56644
17.77465
9.621111
14.76392
18.35309
22.55147
17.76607
22.50278
16.81175
24.92927
24.34335
15.39996
14.59573
23.06972
24.65699
29.78321
29.90163
23.20722
16.02313
17.42692
29.55036
23.6602
14.80184
13.54453
18.13704
31.95169
17.39971
16.7237
11.97475
18.22704
12.82056
21.35878
22.35245
12.98809
14.78414
18.31937
23.07619
25.11802
15.29692
18.83244
12.26588
28.64106
25.08226
26.49427
24.96612
21.83215
16.20778
18.46448
7.482195
16.91682
9.667195
26.60559
17.89649
24.8123
19.75897
21.28611
16.64266
21.54975
14.97902
18.87972
26.50954
18.19259
10.90819
18.48106
27.34607
20.75155
19.07679
15.64822
19.61853
25.34829
23.23702
18.15486
18.24955
21.96419
21.60487
20.94181
9.717112
21.95756
22.17488
21.8352
18.71635
18.84116
19.05975
17.04758
16.68148
14.62305
16.69205
20.158
14.21584
16.235
29.25478
20.51749
20.36685
13.2682
19.27255
26.33831
13.12466
16.4644
16.52757
19.20128
14.93137
22.87279
