0.8631132 1.183612 -2.908757 -0.9827579 -0.4813171
3.873158 -1.954814 -0.6590656 2.425715 -1.691937
-0.471326 2.8626 -1.476435 1.549619 3.81606
2.50978 -2.257302 1.267109 -0.4123535 -3.558241
-0.3691693 2.934282 1.572177 -2.481382 -3.131454
-3.305938 3.53287 0.3987522 3.369815 0.6690414
-1.447882 -2.809944 -3.312941 2.561881 -1.291018
-3.311687 -2.197596 -3.684389 2.208707 -0.5580485
2.683958 1.329116 -0.6695736 1.409659 1.459069
-3.073137 -3.150736 -3.141706 -2.934069 -1.545931
-0.3276755 3.114751 -3.22834 -1.828783 3.907884
3.032004 -0.2108292 0.7978103 -1.204497 -0.7361055
-2.439961 2.720284 -1.532062 1.590612 3.188732
-1.376571 -1.361267 -1.50989 -0.9497952 -1.109688
2.904426 0.4850073 3.587747 3.221213 -2.052584
-3.645965 2.863982 0.2706785 -1.603074 -2.134586
-2.130293 -3.315383 1.249532 -1.363671 0.9454805
2.850921 -0.7439308 -3.523364 3.343013 -1.715821
-3.609941 -3.166539 -2.503843 -0.6651723 -0.02890294
1.414721 0.07548133 -1.539144 -1.565497 -1.438435
1.399436 -3.506797 -2.95236 0.3499584 1.166358
2.189198 -2.563099 0.7868416 -1.780751 -3.79112
2.356675 -1.053868 -0.8785297 1.93458 1.571816
2.586837 -2.818208 3.28336 0.7145453 3.498328
0.05421855 -3.392385 -1.453037 0.05319274 -2.154435
3.247601 -1.092542 0.1356307 -1.366469 0.4807423
1.739606 3.299973 2.28699 -2.32071 3.998372
-1.346663 0.150421 -2.895549 3.905755 -1.805791
0.1269982 -3.288978 3.312834 -2.461154 -3.315272
3.288074 -1.627321 -3.486136 -1.033009 1.712945
-2.16956 -3.277308 3.916217 2.094667 2.239024
-0.7626237 1.770702 -1.116785 0.9477539 0.2673949
-0.2495084 0.8352892 -3.803387 -2.550534 -3.954032
2.264943 0.3950507 1.697909 -2.895208 0.768901
3.922259 -3.556096 1.022236 2.878201 -0.4790314
1.387593 0.7915451 0.2840827 -3.213665 2.042951
3.896635 3.011536 -0.2711183 3.859302 1.626046
-2.336184 3.773293 -1.17228 -1.374248 3.315147
2.714239 1.325269 1.763998 3.763487 3.886313
3.225292 2.509079 -1.839372 -3.703635 2.126821
0.2475516 1.282658 -3.809191 0.8617753 -0.6802306
2.916616 2.976241 -1.589161 -3.652986 3.777374
-2.879613 -3.870574 2.686993 -1.496353 -0.2290646
-2.533914 0.4916215 -1.655703 2.314283 -0.6203655
0.6484375 -3.453392 -0.3729087 2.843589 2.869614
-3.671565 3.207609 -3.849974 -2.855804 -1.16665
-0.701513 -0.3863843 -2.736409 -1.06836 -2.480238
-0.4432065 -3.710279 -0.7555246 -0.5019077 -1.915088
-2.2016 -2.284289 -1.119235 1.227361 -1.695947
-1.909148 -1.800595 1.733422 -1.172346 -2.511821
-0.2878193 1.857734 3.288012 -1.684632 0.363155
-0.08284743 -0.4626586 0.9580001 -0.1943639 3.917941
-3.124314 -3.872851 3.815188 3.220453 0.3945036
1.463389 -0.1816485 -1.252478 -1.343668 0.01741203
-3.737332 2.297922 -1.485646 2.647343 0.1480633
-1.593242 1.318026 -2.074647 1.351086 -2.965523
-3.901593 3.011481 3.208008 0.1680074 -2.261231
-0.7694153 2.184405 2.534932 -3.898949 1.045726
1.5622 -2.546781 1.027905 1.34341 3.160838
2.246007 -3.175505 -2.222138 -0.2312412 3.770353
0.0164799 3.203362 -1.229757 -0.4604667 0.9533811
-0.1138061 3.41322 3.164846 -0.4603666 1.614041
-1.379045 1.9506 -3.459214 3.99226 3.751939
-1.48787 0.8923931 2.875903 0.07092129 -0.7025341
2.669332 -0.3292919 3.849983 -0.6177612 3.214703
0.5632207 -1.299389 0.02802093 -2.926939 -3.829859
-0.1069823 -0.1372671 3.402737 0.6398237 0.8102956
-2.402802 1.01217 -3.364302 -0.3208482 0.02077225
-2.330894 3.00283 -2.27608 -1.573819 -0.8572798
-2.560222 1.668948 -0.1547181 -1.117597 -3.541685
-3.406631 3.048112 0.1721894 0.01252497 -2.284518
-0.06563538 -0.6639077 2.954519 2.437407 -0.5338752
1.228053 1.307816 -2.666173 -3.052753 3.474473
-3.049439 0.5267053 2.396549 1.980151 -0.5361484
-2.632065 -1.222821 3.165176 1.618116 -1.012462
0.7149828 -3.640416 2.915508 0.767902 3.563162
1.932933 -0.3773299 -2.072713 -1.681948 -2.01859
-1.980205 -3.664936 -2.037038 -3.903225 0.3414939
3.200396 2.028361 -3.747277 0.7936127 2.913147
-3.998886 -2.002662 2.059644 3.524532 0.8994458
2.073956 -2.384277 2.360505 -1.123383 -1.672904
-3.039981 -0.7999626 0.4270872 3.410885 3.206436
-1.511618 -2.738345 2.032082 2.936996 -3.634245
-2.106601 -2.92256 -0.1768647 0.9045969 -1.259713
3.244382 2.181866 -0.4838444 -2.134404 -1.184162
1.073339 -3.853462 0.6221903 -3.769459 0.9451803
1.098674 -0.3426621 -3.615459 -0.6595814 1.886741
-2.19512 2.557645 0.00605996 0.1852942 -1.201334
1.980253 0.7317935 -0.7662163 0.1026007 2.321218
2.459616 3.350925 -0.7439484 0.4845162 0.8167107
-2.776681 2.007949 -0.7166869 0.5300367 -2.7628
-2.367714 1.793812 -2.036138 -1.297283 0.3440842
-3.907014 -2.790433 -3.533922 1.481077 2.350427
0.6419096 -1.986563 2.74849 -1.06643 -2.534061
0.4369981 3.893912 0.1100881 1.091369 -0.3918533
1.239997 1.039116 1.675506 2.524294 0.9031486
0.5218204 -2.030842 3.212108 0.5680557 -1.154474
-2.104156 -2.231751 3.356386 2.359938 0.3176515
3.750298 -3.812858 -3.076996 -3.98061 -0.9150884
-2.590656 -2.399639 -1.450218 -0.8108465 0.3844265
-3.353341 -2.279588 3.777643 -1.490904 3.259206
-0.9511827 1.456226 -1.151081 -3.621871 3.465054
-2.593538 3.601667 -3.629049 -2.021072 -1.180594
-3.965856 -2.114375 -2.274403 0.1310967 -1.881832
2.510795 2.252239 0.4317751 -1.887609 -1.881401
3.97717 -1.769025 1.46087 -2.476989 3.049387
0.3671277 1.933423 3.559492 1.945967 3.192704
-2.647029 -0.7735004 -0.3317787 1.034238 -3.813501
2.326192 -3.135733 3.054363 -3.028718 0.3154864
-1.893126 0.3623645 -1.961957 -2.924658 -1.646353
2.659406 1.195731 -0.03631927 3.997378 2.85665
2.64745 1.497767 -2.956873 -2.322554 2.909596
2.123244 2.299192 -2.831789 -1.408509 -3.49224
3.682356 1.190591 -0.6547293 -2.237832 3.050356
-0.249588 0.8604008 2.212764 -1.913277 -3.435475
3.287278 -2.680323 0.06868956 -3.421181 -0.4357129
3.168546 -3.871874 -2.701396 -2.089405 3.967746
1.191433 -3.943773 -0.2717469 -0.4134862 -1.778329
0.6987287 0.6608335 0.7774397 2.524362 -3.241947
-1.201238 2.845572 -0.9261365 -0.1308221 0.8796086
1.52005 -1.634874 -0.08634435 1.044285 -0.6690131
2.280371 2.167485 -0.4724972 2.071143 -3.606519
-1.758712 -3.831715 -0.5423232 3.162069 3.256382
1.676324 1.645527 -0.1158924 -0.439685 -2.50579
2.921327 -3.346138 3.322385 -0.5827642 2.292913
-1.378223 1.820973 -2.962348 -1.346321 -1.816626
2.639652 1.060516 -0.4566355 -3.085158 1.844486
-2.890058 1.989278 -0.2406107 -2.560404 -2.759205
-1.727911 -0.4931193 -2.153829 3.254938 -3.083088
0.6064243 0.5636667 -2.913027 1.741147 -3.63984
-0.002302412 -2.852587 0.9098259 -2.907588 0.8245869
3.91703 2.631941 2.092358 2.206787 -0.3668825
3.473231 -3.01095 3.702925 3.304607 2.706918
1.944407 2.089659 -0.7940901 -1.332142 -0.9886173
-1.722567 0.6214318 -0.7483058 -3.040832 3.442056
0.1960625 2.592633 2.376887 2.075972 -2.390152
3.767541 0.4340707 2.908746 -3.880883 -3.852164
-2.91092 -2.321554 -0.8657803 -1.356887 -1.714164
-0.1330108 -3.892051 0.1736399 -1.524802 -2.585157
1.805684 3.94965 3.098353 -0.4549715 -3.041021
-0.4372245 -3.357177 1.790848 3.770164 1.333261
2.816433 -0.09523207 -3.109647 -3.948411 -1.217541
-0.530639 0.1225141 3.840149 -0.9472051 -2.407777
-3.267093 -3.241385 2.37259 3.275325 0.2493713
-1.65036 1.140673 3.992705 0.5513654 -1.326119
-1.595887 -0.485465 -2.287061 3.356597 -3.500427
0.05364121 -3.091926 1.670449 -2.666579 0.2615898
3.933683 3.197722 3.888761 -3.063934 -0.06572971
2.891961 -0.02086821 1.668771 -2.969337 2.498601
0.9606867 -2.22258 2.962607 1.493809 2.246466
-1.659951 -0.6718372 -1.064304 -1.909794 -3.700867
-3.428998 -0.2368214 -1.005059 -1.2868 -2.315749
-0.5552352 -3.839503 3.675849 -2.570453 -2.220121
2.873559 0.1408651 2.628557 -2.012468 -2.314096
-0.0799467 0.5344016 1.182913 3.069267 -0.2224219
3.922675 2.966928 2.429828 3.486483 -0.1110629
-2.880494 3.193926 0.2998357 0.4837821 0.3191848
-1.228129 3.180814 -3.915235 -2.457769 0.3320348
-2.250414 -1.85412 -3.291693 1.043414 0.2975539
-1.014301 2.548472 -3.001273 -3.698571 -0.2295912
-0.8306877 2.369415 0.4935542 -2.163361 -2.005396
2.665422 -2.29225 2.174945 -2.97825 -1.31325
-0.06393708 -1.462917 1.714852 -3.080766 0.8439761
1.013302 -0.1872196 3.044138 3.016296 -2.955948
-0.01203173 -3.226615 0.6226755 -0.3211676 -3.5916
2.683619 1.939878 3.694901 2.420168 0.09131853
-0.9121926 0.282075 2.966881 3.591905 0.0943283
2.023069 -1.932803 3.037902 -3.011394 -2.587712
-2.577667 2.201124 -3.074643 2.460706 0.08240333
-0.5596497 -3.197337 -1.181998 0.3379553 -2.541945
1.058817 2.557338 -2.664502 -3.164803 0.770354
-2.748162 -3.011409 1.603461 -3.961288 0.9225891
1.624218 -0.9665826 -0.818882 -1.622143 0.8829976
1.628334 2.188984 1.824239 1.411163 -0.1062282
0.3511442 -0.2074613 0.02428584 -2.70001 3.023953
-2.210308 3.265803 0.9358186 2.086876 -0.8268142
-0.3109421 0.1078674 2.504471 -0.5073288 3.42214
1.654113 -2.291029 2.642945 0.5129177 -1.39183
1.488274 1.070372 1.577196 -0.1439479 -3.880349
-0.8405881 2.979381 -0.9893763 0.8499425 3.577187
0.09552288 2.970791 -3.349053 2.325003 0.5999381
-2.624474 -3.562845 2.622815 -1.413174 1.354376
-1.661779 1.427324 -3.881257 -1.211131 -2.31081
-3.160886 -1.833372 -0.06720999 -2.686289 3.959534
-0.5087854 -0.7611873 2.264086 1.329727 -0.03739298
-3.287033 -0.276306 1.030427 -2.207793 2.081317
0.4494169 1.108421 1.542773 -3.491693 0.07927504
0.736283 -2.511391 -3.487979 0.1652063 0.2243828
1.981892 -0.2847852 2.643039 -0.816935 -1.503898
-0.2539558 -0.9823119 -0.7121738 0.1210749 -3.519945
2.459113 -1.941948 -0.1873952 2.655259 -1.318537
1.645243 -3.259505 1.223264 1.223907 -3.159679
2.90177 3.547425 -1.420741 0.6553132 -2.21278
-2.009742 1.922042 -1.89433 2.222608 -2.665319
-1.340276 1.527693 1.297651 -0.1528005 -1.49654
-0.9086698 -2.223564 -2.795005 0.6654007 -0.5063959
-1.697926 1.770365 -3.664307 -0.1938481 -1.982056
3.92837 -3.253971 0.2206942 1.974415 0.5357127
-2.14679 1.281291 1.596069 -3.560509 2.602747
1.692506 -0.002919303 -2.415093 2.412766 2.182172
2.948685 -0.5069448 1.925346 -0.2714147 0.7611262
2.019981 0.9961224 -1.819893 0.2410422 -1.711946
-1.910647 -0.4516837 2.029416 -0.8676459 -2.608949
-0.1268344 0.6326314 -3.041077 -3.802482 -2.562963
-0.4388893 -1.802707 -3.311353 -2.685995 -3.407824
2.230164 3.475131 -2.366933 2.415893 3.682844
-1.574505 3.694861 0.7814101 2.207287 -2.492332
-0.1827775 1.847251 -2.993888 1.907633 1.511991
1.135064 0.7414331 1.779748 -3.436872 2.440649
2.898233 -2.286976 -2.929124 -1.559522 -2.132609
-0.626435 -1.90291 2.861674 0.113912 -0.3698603
-3.677541 -1.387067 2.278575 1.508166 0.7989936
-3.173962 1.484992 0.9582268 -0.6767498 -1.121892
2.488579 -3.95309 -3.216016 -0.2404775 1.078613
1.221966 0.08862911 -0.5424434 -0.3391673 -3.205224
-3.973133 3.300767 -1.352045 -3.344504 -1.644317
0.7506363 2.599018 0.7493528 -0.4845409 1.889139
-2.542056 0.02308895 0.5174387 2.229781 -0.6598613
-0.6995598 3.947922 2.943152 0.1363513 -1.324526
-3.782753 -1.553081 -2.754722 -2.654981 -0.782345
-3.449994 -3.884264 -2.260831 -1.068387 -0.04091439
3.946751 3.285151 2.468156 3.896083 2.373618
-0.09120825 -0.9187513 1.527082 -0.5536203 -3.406467
-1.739756 0.9388168 -1.959825 -0.4341713 1.654785
2.766549 2.451677 1.675169 0.6722626 -3.058808
-2.102457 0.1211206 1.41073 2.668703 -0.1603665
-3.759315 -1.836023 -0.03657403 1.853706 -3.736432
1.189314 3.567593 -3.721346 1.997975 -1.91971
-2.077864 2.462768 -3.580275 -0.0845793 -0.7724503
2.864998 -1.364993 -2.259459 -1.327558 2.409135
2.694437 0.8922955 0.1916044 1.596493 3.051047
-1.767658 -1.283008 1.445841 2.055071 -3.226646
1.199001 1.933558 -2.338189 -2.746178 -3.578512
0.264915 -3.258491 2.779962 -3.006969 0.5189768
3.57564 2.971204 2.41919 3.405387 -1.16881
0.7643571 3.281613 3.071142 0.929882 -2.462071
-3.390509 -1.736887 0.5128074 2.004101 0.6267982
-1.040697 -3.741125 1.511819 1.598884 1.762336
3.839721 -2.793452 -0.8119997 -2.742613 -0.8875911
0.584174 -2.214621 2.436364 3.682452 -2.029893
-0.9443268 0.364035 1.971827 1.691353 3.620673
1.611099 2.572108 2.177332 -2.510516 1.280211
0.5039113 -1.775585 -3.673537 1.005116 3.403732
1.028769 -1.419187 -3.333147 0.9788694 3.741861
-2.774798 0.41532 -3.081113 0.1478746 1.370893
-1.50252 2.009612 1.010322 -0.7646297 -2.001509
2.110786 3.208407 0.7260844 3.56561 0.1673185
1.498184 -1.549659 3.771598 -3.743338 0.5638854
0.555235 -1.802869 0.01108732 0.2640539 -1.684713
-1.85722 -1.075284 1.68178 0.1222678 -1.757164
-1.427405 -0.8718915 0.3129749 -0.7352154 -1.322385
3.087523 1.906105 -1.914101 1.739284 -1.766745
3.390792 -3.930772 2.998603 0.4873565 -0.4581918
3.543525 0.5777842 2.710703 1.747473 3.985394
3.423694 1.795306 1.732511 2.156828 -3.786363
0.986911 2.540257 3.38973 -2.567962 -0.9490076
3.784518 -2.038058 -1.402903 1.432472 0.495369
0.8583103 -3.475873 -1.366868 -0.7370752 1.464145
-0.3875684 1.390667 2.05683 1.479196 -0.8186215
-2.33172 1.066105 2.763656 -3.753458 -3.956516
3.870041 1.031311 2.762015 3.767206 2.319513
1.06687 -1.763237 2.49825 -2.813953 -0.3970838
-2.649957 -1.765209 1.557422 -2.19531 2.377669
0.9386543 3.652694 -3.808233 0.06673639 -2.134196
-3.49611 -2.72906 -0.8180376 1.563567 0.9835465
-1.717845 3.293244 -3.056322 2.73266 2.6899
2.029313 0.4356419 0.5763663 -2.425099 -3.343763
-3.820537 -3.692096 2.992692 3.804486 1.309097
2.588689 -3.381167 1.30412 1.446083 2.535547
-1.365379 3.701018 -1.10031 -0.6918746 2.857347
-2.485372 -1.458925 -3.425827 1.025634 -3.090494
3.242608 -0.7012429 3.573794 -1.212793 1.136953
1.585699 3.843419 3.871267 0.62413 0.78765
-1.731536 -0.7769226 0.2798992 3.056192 -3.618991
0.1020347 3.655465 -1.301361 2.165327 3.086896
0.4254138 -3.093237 1.940378 2.686807 -0.7689233
-0.8533985 -1.007338 -1.36178 3.921297 -3.656514
1.519263 -1.809129 -0.6099375 0.5958979 -3.31756
3.085338 0.8836279 0.1648453 1.137793 1.375592
2.972715 2.308501 -1.447026 3.420201 -3.576489
3.977176 2.562044 -3.193263 -1.366728 -1.299496
-3.462829 -1.527542 3.894573 -1.425026 -2.325514
-1.072931 -1.61087 -0.4723156 1.161757 1.876529
-1.318566 0.0605753 0.4696376 -1.954482 -2.831973
1.845947 -1.513713 -3.32129 3.803777 -0.3444214
1.218961 0.2951091 -3.553936 -3.594364 1.43497
-3.821873 1.251166 2.92667 -3.072645 -1.91552
1.77184 1.361975 -2.956901 -2.935629 -1.564695
2.994406 3.701912 0.3338871 2.212706 1.863336
1.435299 -1.282877 -0.5997015 1.243458 -3.208299
2.467697 -3.497448 1.102871 1.729694 0.122072
1.680319 3.682708 0.1625906 -1.539283 -1.75288
2.420203 -2.828404 2.903364 1.072094 0.907378
-1.867379 -0.5222169 -2.198114 -1.021031 0.172598
-0.2103852 0.4229907 1.180643 1.982528 -1.940392
-2.399614 3.634929 0.3268186 -1.181147 -2.16671
-0.7255508 -1.872859 1.376607 -0.8146246 -1.965676
-1.693987 -1.951515 3.136609 1.755428 0.1188815
1.31202 -3.652148 -0.6711992 -1.140213 0.5493094
-1.401312 3.636679 0.1047872 1.010381 3.932356
3.652012 2.769806 0.726499 -1.108123 0.6121378
1.638646 1.400661 -3.148927 -2.344651 -1.693404
-3.78213 0.1425553 2.248489 0.106431 0.3881509
-1.745654 1.194749 -2.132857 1.739921 3.895773
3.775914 -2.846229 -1.980223 -0.3847238 -0.8862629
1.236154 -3.034637 -2.209888 0.2275636 -0.4152105
-1.367744 -1.24009 -1.254553 -2.569779 -0.4343576
-2.357062 0.8380805 -0.4126181 -0.7697637 -1.963141
-3.417097 3.172339 2.293132 -2.315532 -1.667771
-1.869026 -1.88301 -0.8935266 -0.7015641 -0.7079414
-2.526957 3.239568 -2.284251 2.459764 2.184173
-3.783403 -2.513124 -2.156888 -0.5876763 -2.814687
-1.689587 1.200826 2.849568 -2.618621 -1.843516
-2.287916 -0.3291981 3.960094 1.818863 0.7182654
3.121324 -1.747078 1.895018 3.786165 2.149045
2.691865 -1.059148 0.05677032 -1.183505 -0.8279437
2.88609 3.555346 -2.542231 -1.691469 2.183835
-3.797599 -3.474216 0.05732591 1.487525 -2.111215
-3.332846 1.243066 -0.5789471 -2.607297 2.314044
3.565048 0.167841 1.463789 -3.235816 0.4922731
-3.472302 3.696432 -1.576614 3.366077 0.8725001
-1.374869 -0.2377394 -0.08350933 -0.6281775 -0.6424965
1.788035 0.6709573 0.9960075 -0.5797152 1.787593
-1.131419 -3.950129 2.64078 -0.5737579 -1.305343
2.011467 2.153621 1.50622 -3.706696 2.227731
3.282572 1.184654 3.726442 -3.427388 -3.819649
1.515727 3.200625 -2.383451 1.68875 -1.633603
3.785825 3.801643 -1.739852 -3.912616 -1.082428
2.510066 0.4100657 -2.906531 -1.344529 0.4389689
-1.050139 -2.893006 -3.068601 -1.798816 0.9500171
-0.8921316 -1.304044 1.133608 3.057898 -3.131836
2.861816 -3.447759 -3.803909 0.006884955 -3.295462
-3.776023 -3.398909 1.835138 -3.616937 -2.265395
-0.6501262 3.277459 -3.079323 2.377872 1.213363
3.604858 3.861817 2.362303 -2.333911 3.340434
0.60519 3.409167 0.1652862 -2.45228 3.161603
1.69365 -0.2125159 -2.421723 -1.987972 2.991879
-0.4323599 -2.912172 3.426311 0.3459018 -2.366306
-0.8868136 -2.439807 -1.6196 -1.337827 -0.9598325
-1.606025 -2.075971 1.582452 1.560834 2.371473
-0.2742282 -2.047429 3.462766 3.667943 -2.197343
-1.383938 -0.9784014 -1.240362 -2.712795 1.736824
-1.768124 0.3254921 1.323598 -1.415223 -0.6466221
-0.07827785 -2.711508 2.577827 -1.376053 -1.705728
-2.082928 2.353926 -0.2547663 0.9359432 -3.46621
1.007886 3.093671 0.9463781 1.117222 -0.579148
-1.882681 0.05451533 1.166186 3.069237 -0.9061199
1.034761 1.45121 2.212315 -2.137862 3.43301
-2.195147 -2.597039 1.265209 0.4004675 -2.029004
3.155768 0.244734 1.9782 -0.453937 -2.220226
3.976199 -2.484149 2.556775 1.292761 1.881891
0.5693706 1.568157 -3.742866 -3.901131 -2.225293
2.585064 -3.460517 -2.764973 -0.04104395 -3.546907
-1.818973 3.805416 3.926596 3.95966 -3.289377
1.109921 0.7933018 2.838618 3.010329 -1.200413
3.208382 -3.014129 3.570222 0.957419 1.341896
-2.494564 -2.94627 2.680476 1.495113 -0.6691865
0.6414183 -1.466072 -3.54406 3.29206 3.808775
2.732295 -2.814035 3.777141 -0.6515986 -2.909315
0.467605 3.669918 2.839631 1.957139 3.240702
1.524328 -1.891947 -1.748713 -3.475335 -2.063936
2.340363 -3.237156 3.442052 1.774166 -2.55545
-2.348595 2.773066 1.021897 3.210446 -1.590683
3.632342 1.880943 3.903942 -1.792267 -2.889822
0.9752073 3.910766 2.675254 -1.696093 3.432542
0.7039429 3.763686 -2.02423 2.891208 -0.9495011
1.72338 2.39903 -2.914701 3.478322 -3.886683
-1.813229 2.310981 -2.902126 -2.51356 2.646819
-3.599921 -1.508122 -1.321652 -3.062824 -2.555462
0.3984715 -3.262438 2.994669 2.107328 -0.1723098
-1.49782 -2.751648 3.384771 -1.629464 -3.021727
3.848877 2.48414 2.118627 1.194668 3.968023
0.8673057 3.208505 -0.7484821 -0.02757859 2.971024
2.489755 -2.688453 -3.382155 2.199938 -1.581339
-2.438357 1.663603 -1.036417 -3.497724 1.535899
3.774482 1.27509 -1.51519 -0.8111571 0.2844436
3.67777 3.660845 2.35234 -0.1027408 0.1993762
-1.81979 -2.560815 -3.951397 0.9708926 3.077689
2.791967 3.428268 2.60712 0.520716 -2.105194
3.037237 0.1620784 2.670424 0.8211825 -2.256894
-3.458381 1.315523 -1.843426 2.960342 -3.238402
0.6144197 -0.6785073 3.395738 -2.042698 -2.383818
-1.034116 -1.727666 0.4943078 -2.042838 -0.3195275
2.75642 -1.593249 0.4641659 2.234873 2.769585
3.929353 -0.9537655 -3.940692 0.4714032 3.683215
0.3382379 -1.745055 -0.001608627 -0.5405879 2.886915
1.36722 -0.6084281 2.03401 0.1847333 -1.690971
-3.124915 -3.72731 0.2313482 -2.461591 -2.057924
2.115914 0.2604131 0.04852435 -1.895823 0.3808467
-0.3960309 -1.881188 -3.480798 -2.712535 2.072432
0.8045576 -3.667814 3.776145 -2.72728 0.5803083
3.351939 -1.987541 -2.473483 -3.570367 0.2869964
-2.112444 -2.26503 -0.4306099 -0.3206306 1.847622
1.777244 0.2094568 -1.285428 2.5722 2.158844
-0.8680933 -1.467422 0.9453362 -0.5555048 0.2054823
2.499267 0.3161483 0.4616094 1.550181 3.257936
-0.8712772 1.539164 -2.218018 0.9638793 -0.6429463
-3.297534 -3.713215 0.04766184 2.873136 -0.5868847
3.005028 2.637741 1.129823 -1.023826 3.131776
-2.711375 1.922661 -3.230452 -1.631494 1.077104
