16.66392 16.2819 16.58531 16.28055 16.6743
16.78376 16.82249 16.88401 17.97486 17.79754
16.34085 16.76292 17.61828 16.30032 17.28232
16.63505 17.6202 18.17902 16.3221 16.37125
16.68918 17.27675 17.02196 16.84393 16.98355
17.74485 17.24305 16.34628 17.18269 16.94352
17.83741 17.15842 15.65271 16.52855 17.51832
17.32319 16.37356 18.46945 17.02673 17.09817
17.1561 16.27464 17.80992 17.03827 16.45697
16.97672 17.4219 16.55192 16.37221 16.52663
16.74905 17.9895 17.23916 17.32894 16.67754
15.77493 16.39745 16.59038 18.7781 16.76593
16.67545 15.55613 16.92141 16.77732 16.79404
16.73857 16.83244 16.27306 16.8102 16.59374
17.45147 17.11893 16.60601 16.35959 16.51382
17.41348 16.41525 17.26236 16.20225 16.66005
16.26075 17.63778 16.04696 17.02364 16.6813
17.28078 17.10671 15.95859 17.22006 16.62688
16.85118 16.91996 16.72907 17.76609 17.52438
16.29212 16.17575 17.98188 17.59975 16.25939
16.55357 16.73255 17.15499 16.77185 17.27468
15.93121 17.15723 16.93631 18.14241 16.64224
16.88239 16.4569 17.82222 15.97372 17.20654
16.79658 16.77788 16.96409 17.81888 16.02101
17.4734 17.47919 16.84779 17.17699 17.47683
17.44708 17.83914 16.71348 17.52945 16.3356
17.74648 17.08354 16.63953 16.16531 17.0369
17.59603 17.32898 17.05258 16.86201 16.79044
15.96822 16.77722 17.477 17.3453 17.27564
16.87594 16.18541 17.91685 17.31711 16.38868
17.59754 16.21227 17.0047 16.67935 16.25762
16.18281 16.988 17.15071 17.93582 16.97657
17.50975 16.44856 17.26875 16.66445 17.49912
18.0746 17.23961 17.04573 17.92063 17.42026
16.62131 17.47866 16.48381 16.6183 17.46462
17.59276 16.97177 17.58952 17.70473 17.33499
16.33497 16.96935 17.71226 17.32294 17.6481
16.41826 17.35599 16.82945 15.71374 16.72309
17.42607 17.87966 17.52359 17.24985 16.16146
17.48733 16.74318 16.90102 17.15325 16.91516
17.44258 16.09706 15.59413 17.80615 17.23271
17.16438 17.09828 17.43725 16.51656 17.55164
17.48415 17.52816 16.19554 16.70425 17.81269
17.20107 15.99333 17.48014 16.92295 16.74128
16.78351 17.67793 15.87239 16.5467 17.07338
17.00356 17.90989 16.56262 17.04984 17.73424
17.80205 17.63775 17.98774 17.0724 16.91574
16.99468 17.73731 16.39397 17.35509 17.60654
16.47283 16.63907 17.51389 16.81061 17.92313
16.6301 16.7682 16.85683 16.09833 16.78171
16.81443 16.15998 17.36425 16.29993 17.01238
17.32311 16.79151 17.06083 17.44829 16.09389
17.42258 17.21028 17.43969 17.57849 17.33538
16.79017 17.29579 16.93849 16.27052 17.4119
17.00457 17.41408 17.52881 16.42397 16.3073
16.24432 17.64038 16.3194 17.08023 16.00703
18.39665 18.02854 17.21018 17.387 17.0273
16.31682 16.73772 17.18389 16.76953 17.42689
16.74216 16.29843 16.66834 17.02981 17.28938
15.77772 16.98537 18.04467 17.07731 16.12017
17.03093 16.82785 17.13401 18.1112 16.31567
17.56363 16.40555 16.77955 16.55652 18.12174
17.86748 15.71521 17.00053 16.33791 17.67121
17.43947 17.42923 17.58033 17.98206 17.14262
17.14082 16.53424 16.77991 18.07283 16.747
16.90632 16.9977 16.72949 17.64509 17.12219
16.42166 17.24049 17.41838 16.81691 16.62569
17.45723 17.22063 17.05383 17.02036 16.91757
16.72849 17.56078 17.31291 17.09225 16.82265
17.35272 17.41281 16.70087 17.4107 16.42127
17.17793 16.67619 17.35162 17.03068 17.10177
17.94615 17.00684 16.60596 16.8199 16.60908
17.40148 16.17145 16.69787 17.85573 18.29521
16.92336 16.95595 17.38665 17.54538 17.27822
17.02064 16.64505 16.19311 17.55316 17.09887
16.47757 17.66879 17.04478 16.02598 16.62194
17.13622 16.43841 16.87476 16.77335 16.20816
17.43182 16.80395 16.58138 16.17925 16.67437
17.90141 17.38849 17.0706 16.58708 16.98581
16.78668 17.43938 16.05141 17.66161 16.78336
16.59725 16.92714 17.61077 16.77446 17.12417
16.74389 16.41974 17.03748 15.55481 15.88574
17.86465 16.36234 18.06433 16.54416 16.73061
17.11194 16.86828 17.61742 17.46932 17.07616
17.97855 16.53618 15.4882 18.31602 17.90837
17.73776 18.17131 16.94986 15.32117 17.41065
17.46977 18.08992 16.45319 15.89854 17.57901
17.70316 17.39821 16.23811 18.79445 18.19436
17.50417 16.7677 17.89399 17.58504 16.8702
17.69099 17.18439 17.22194 16.61545 17.44735
17.56477 18.10601 17.75785 16.43767 17.78055
17.00974 16.64224 18.01826 16.76047 16.9578
17.51178 15.85188 17.00452 16.3394 16.34442
17.68294 16.17319 16.42136 16.80202 17.13859
17.30737 17.62674 17.23484 16.67223 17.51071
18.81369 17.25969 16.61416 17.43114 16.54147
16.36299 16.29659 17.33773 16.73116 16.9395
17.33286 17.47173 16.31397 17.61453 16.72501
17.07484 16.73544 17.63769 17.03769 15.88989
16.91723 15.98911 17.40979 17.63602 17.13878
16.00757 16.65724 16.30459 16.44315 16.22672
16.42975 17.06636 17.75847 16.98691 17.44633
17.09769 16.61344 17.45935 17.63432 16.37685
17.07794 16.46433 17.36866 17.03561 16.77866
16.58856 17.35096 17.18949 17.5251 16.85053
16.67598 16.19813 16.93565 16.90573 17.59634
17.03469 17.57036 17.12576 16.29583 17.11349
16.34841 16.29801 16.61937 16.90171 17.20911
15.81048 16.46434 16.91897 17.91077 15.85713
17.41128 17.18362 17.3226 17.48896 16.48922
17.75539 15.93129 16.45981 17.21661 17.83671
16.60795 17.26135 17.033 18.74676 17.36678
16.53699 17.00005 16.33028 16.55767 16.62676
17.33622 17.57586 16.82196 16.93527 16.71927
16.55467 17.40091 17.16193 16.60165 16.72415
16.85488 17.52215 17.24645 16.41866 17.45741
17.29974 17.84637 17.01225 16.62633 17.0104
16.04523 16.98391 16.86087 17.12522 16.05118
18.40645 16.50306 15.58117 17.31625 17.50247
16.57368 16.66197 17.89194 16.40872 16.17819
17.5589 16.93062 17.92925 16.14868 17.08637
17.14626 16.51231 18.07081 16.95307 17.35017
17.18236 17.51734 17.18522 17.2072 18.53538
17.07458 17.5753 16.65419 17.95767 18.1492
16.55469 15.82097 17.61258 17.04235 17.21868
16.48401 16.88638 15.9786 17.33033 16.65955
18.4055 17.29926 16.05877 16.0061 16.40075
16.66778 17.00257 17.13611 17.00184 17.75914
17.57529 15.59509 17.2507 17.30211 16.48531
18.18211 15.69455 16.3526 16.87412 16.51672
16.29529 16.11661 17.50967 16.82092 17.24723
15.35378 15.6981 17.2531 16.09275 17.87999
16.74341 16.99327 16.93227 17.05427 17.36453
15.79787 16.87503 17.26235 17.24272 16.81129
17.67611 17.07958 15.96259 17.33875 17.63104
16.56471 17.06512 16.43172 18.47726 17.35746
15.85795 17.47184 17.25483 17.10933 16.8981
16.94202 17.50725 16.63451 17.67736 17.86738
16.51241 17.07473 17.73429 17.83874 17.22248
17.53312 17.14221 17.18851 17.06084 17.03763
16.46136 18.11478 16.92687 17.53887 17.2386
16.31734 16.73829 15.9421 17.34055 17.75635
16.6778 17.20222 16.62086 18.01945 16.6905
16.44415 17.55441 17.10564 16.68314 15.9342
17.57463 16.78216 16.49615 16.67401 15.65808
17.73707 16.87333 17.13556 16.76771 17.28758
17.61723 16.93258 16.89385 16.24074 17.28336
18.56914 16.66975 17.43347 16.43346 17.07433
17.43929 17.25535 17.13271 16.0542 16.27973
17.66567 17.59096 17.09403 17.11426 17.26893
17.01236 17.93248 17.2007 16.87248 16.79985
17.03104 18.25506 17.79882 17.48622 18.11229
17.84486 17.36582 17.70177 16.91838 16.98798
17.30596 16.33475 17.71954 16.76857 16.10673
16.57511 17.16969 16.34127 17.04255 16.86432
16.85412 18.33125 17.18672 16.5114 17.15979
16.0783 16.42204 16.695 16.85198 17.7595
17.17886 16.97024 18.36795 16.92536 16.33275
17.42016 17.167 16.51389 17.14203 16.90464
16.87128 16.98297 17.56971 17.06145 18.26537
16.22522 17.46144 16.98238 17.30793 18.09095
17.23089 16.77383 16.53374 16.50876 17.52452
16.64258 16.66696 16.98629 17.13073 16.84123
17.27411 17.97271 17.14722 16.75787 17.22654
18.33918 17.53417 17.2079 16.40229 16.77974
16.91518 16.5801 17.96615 16.53813 16.30174
18.15049 16.74922 16.56547 17.38356 17.85683
16.16057 17.31147 17.18208 15.78806 17.42759
16.97165 17.54362 17.35186 15.69379 16.86144
17.11945 16.47364 16.77427 17.51966 16.62899
16.65904 16.57903 16.40996 17.049 17.57891
16.91807 16.28543 17.1451 16.56755 16.01014
16.2625 16.34915 17.30097 16.82558 17.62727
16.6707 17.95963 17.6551 17.03441 17.02588
16.2617 17.82315 17.219 17.80904 17.39817
16.6638 16.76433 17.30862 17.75352 18.14182
16.99372 16.45385 15.43676 17.01688 15.88409
16.7207 17.06863 17.23349 17.16737 16.92128
17.92661 17.21883 17.32184 16.22829 17.30903
16.95996 17.8673 17.31941 16.32104 17.05567
17.67713 16.6042 17.79629 17.9607 17.8147
16.65872 17.16051 17.24817 17.07418 16.39882
16.41528 16.3855 17.50533 17.02068 17.79583
17.6028 15.5197 17.42037 16.63923 17.43763
17.40015 17.42094 16.8893 16.86093 16.45379
17.38083 16.97503 15.70189 16.34982 18.01511
17.12517 16.47546 17.55842 16.42372 17.17802
16.3424 16.4937 17.91683 17.43681 16.8944
16.70036 17.83763 17.36815 16.81622 16.98331
17.06324 18.08689 17.6098 17.14542 16.20402
17.09521 17.4063 17.3597 17.89766 16.18505
16.18122 16.52749 17.1115 18.14158 17.141
18.91991 17.37444 17.22221 15.48798 18.02598
15.80823 17.16254 17.79244 18.09389 16.90316
16.81051 17.11941 16.78438 17.06704 17.83452
17.10208 16.88428 16.64172 17.67595 17.1704
16.66512 16.8719 16.77106 17.37774 17.36919
16.94617 16.17854 17.65575 16.44927 16.06797
17.24144 17.16936 16.53203 16.6349 17.2492
16.58804 15.94661 16.93064 16.6807 18.36098
12.97062 12.93019 12.98497 13.21096 13.56703
13.95735 13.09302 12.70998 12.49494 11.79713
13.40123 13.75769 12.72672 13.13636 13.48847
12.9597 12.79832 11.93807 13.34262 12.7738
12.52009 13.14527 13.0351 12.56114 14.09727
13.47771 13.0102 13.36707 13.02684 14.24319
13.52737 13.54558 12.4706 12.73303 12.72249
12.68226 14.00731 13.01906 11.23898 12.47662
12.96481 13.80094 12.70778 13.61943 13.34417
13.55002 13.45265 14.17265 13.8227 12.47437
12.47603 12.86805 14.79062 13.2264 13.42042
12.91384 12.82942 11.69882 12.73103 12.84796
12.96383 12.23759 12.55927 13.23866 12.88332
12.23804 12.92764 13.0304 12.40992 13.49024
11.99244 13.35357 12.83924 12.83053 12.318
12.54979 14.04851 13.70593 13.41433 12.95814
13.20192 12.53667 12.98222 13.18074 12.99387
13.53624 13.25144 13.5774 13.05994 13.26601
12.6265 12.7771 12.93715 13.68168 14.34425
13.28973 13.94859 13.54477 13.1651 12.84724
13.1463 12.58932 11.83971 12.32285 12.70651
13.2185 13.15426 13.4224 12.11005 12.98014
12.9333 12.76455 13.6765 12.6062 13.07212
12.96069 13.36023 12.27909 12.59323 13.10636
12.92315 12.51689 12.59046 13.05673 13.0201
13.28593 11.74112 13.34984 14.07247 12.71159
13.89518 12.71437 12.588 13.57201 11.91386
12.62529 12.77679 13.6159 12.47342 12.4063
12.85666 13.63208 13.09415 12.88917 12.41907
12.22846 12.96398 13.3025 13.02218 13.1227
12.79481 12.67386 12.37976 13.61993 12.19022
13.99681 13.92331 13.12537 13.28598 12.49007
13.001 12.9981 12.07153 12.98883 11.52364
13.12651 13.29265 12.80955 12.70741 13.84012
13.61402 13.16457 13.41832 12.89474 13.75518
12.99969 13.31403 14.98818 12.29694 12.06097
12.89702 13.73193 13.57324 14.17918 12.81248
13.16898 13.65223 12.69472 13.42128 12.66501
13.05823 12.7539 14.03076 14.4247 12.79047
13.35257 12.72018 13.42833 12.96465 12.5273
12.63983 12.88202 12.78694 12.78756 13.32276
11.64456 13.37809 12.83279 12.92565 13.46799
14.06416 14.19243 12.3712 13.38572 12.91524
14.28811 12.90577 12.84 12.67667 12.84757
13.31359 13.08265 11.70654 12.87898 12.31579
13.59834 13.96855 12.85514 13.10716 13.08435
12.22848 14.31586 13.13104 12.39536 12.76609
11.88413 13.60779 14.01784 12.73658 11.74549
12.68161 13.12598 13.76434 13.15261 13.60025
13.23767 13.02469 13.16482 12.76038 13.32382
13.21856 13.04196 12.95423 11.81374 13.2792
12.49738 12.48074 12.99315 12.79468 13.36682
12.42906 12.3795 13.0011 11.72735 12.81701
12.2971 13.43824 12.24587 13.61998 12.36664
12.3373 13.2998 13.03799 13.1799 13.20726
13.71997 12.70214 14.40727 13.04446 13.89312
13.21994 14.27816 12.85378 13.21583 13.32116
13.12216 12.87944 12.58056 12.83664 12.94114
12.75582 12.16142 12.04157 12.60769 13.19459
12.55211 13.27823 13.73162 12.05561 12.57241
13.32995 13.1021 13.89976 13.12541 13.44882
12.63048 12.52695 13.54147 13.13025 12.64576
13.38922 12.26769 13.89048 13.23004 12.14171
12.19208 13.75191 13.87361 12.76763 12.90062
12.88368 12.59791 13.24419 12.85656 13.85108
12.41897 12.03852 12.63801 12.84986 12.92001
12.2178 13.20118 13.51761 12.91332 13.0219
12.80803 12.13291 13.13941 12.57348 12.65555
13.75338 13.91754 13.04488 11.90238 12.9841
13.36336 13.29076 12.54048 13.0243 13.38562
11.79959 12.72975 13.44948 13.93236 12.76143
13.07537 12.66403 13.35673 13.33077 13.95973
13.29584 12.87143 12.16001 12.5504 12.80845
13.90826 13.29181 13.40307 11.86963 12.6592
12.65318 13.04043 13.11553 13.50528 12.71071
12.86021 13.01196 12.6762 12.59121 12.03469
13.12286 13.30668 12.97243 13.65067 13.46047
12.64232 12.72675 13.39672 12.94438 12.46872
13.29089 14.02104 12.54621 13.71569 12.0125
13.16723 13.50617 13.47808 12.77435 12.69387
13.26074 12.14136 13.1587 12.70528 12.10523
12.0754 13.2287 13.3789 13.1709 12.68604
13.26185 12.81197 13.14591 13.83564 12.62379
13.11461 13.03223 13.78595 11.57466 12.91791
12.5403 13.33334 13.03575 12.74994 11.68761
13.41116 13.42195 12.8347 11.98747 12.83204
12.92171 12.86225 13.01119 13.17711 13.22655
14.11286 12.37902 12.0675 12.23159 12.54456
12.90634 12.77221 12.5793 13.13166 13.1097
13.50037 12.20797 14.15178 12.90406 13.22789
13.24427 12.03431 12.47503 12.00782 13.11592
12.49612 12.86562 12.26292 13.10382 13.63287
13.4863 12.17647 12.6961 13.51245 13.08381
12.44235 13.72582 13.36971 13.21398 12.65051
13.17854 13.20934 13.86263 13.06064 13.05834
12.01157 13.15339 12.89357 13.32592 11.45925
12.37046 12.76997 12.06812 13.50299 12.8602
13.74379 12.81744 13.1148 12.90559 13.24275
14.15962 13.09568 13.33501 12.37393 13.48641
14.02133 12.71643 12.60031 13.58655 13.84765
13.49164 12.92291 12.41137 12.46424 13.05233
13.13949 12.44264 13.75491 12.40283 12.49632
13.15123 13.97748 13.11641 13.54851 12.47099
12.69769 13.71774 13.55074 13.13066 13.34017
13.06522 12.64284 12.903 12.75732 12.47849
12.55746 12.67036 14.34643 13.04053 13.36413
12.3255 13.09479 13.09624 12.29908 11.88049
13.49112 13.48686 12.32415 12.42922 13.23123
12.82241 13.21327 14.03455 13.49991 12.20883
12.66335 12.58882 13.76018 13.16198 12.6068
12.34819 13.47452 12.50786 13.37461 14.00786
13.95985 11.95086 13.14663 13.5872 13.64229
13.96317 13.10821 13.63009 12.83867 12.10878
13.22611 13.70485 12.71841 13.63734 13.09292
13.6258 13.37578 12.6296 11.78838 13.94496
13.36615 14.31241 12.1727 13.21299 13.01293
13.07292 13.04563 13.29475 13.41602 13.06276
12.78535 13.01078 13.37575 12.54841 12.51414
11.93646 11.98646 14.06383 12.15415 13.88028
14.04168 13.17866 12.43995 13.91305 13.37486
13.3674 12.61584 13.62626 12.18488 12.85065
12.50175 13.5255 13.56779 13.99882 13.18599
13.04251 12.6343 12.62835 12.30607 12.95978
12.68591 14.45289 13.19845 13.02344 12.97962
12.88724 14.24694 12.11308 13.40136 13.97146
12.96644 12.67513 12.62925 13.07821 12.48497
12.71333 12.57138 13.6537 13.09927 13.16459
12.7938 14.10889 13.05807 13.20557 13.09441
12.74634 12.9328 13.31024 12.77448 13.58002
12.71129 13.60823 12.80855 12.43818 12.78273
14.18352 13.02234 13.87265 13.36332 12.06112
13.92249 12.89361 12.83013 12.70882 13.151
12.52866 12.41626 13.60266 13.20462 13.60937
12.26896 13.89258 13.35616 12.91287 12.29907
12.34037 13.47248 12.29896 13.35974 12.20515
12.75362 11.89984 13.73327 12.61635 13.08161
13.90851 11.70632 13.03169 12.43011 13.19614
13.47748 13.75424 13.27171 12.99056 13.89915
12.78933 13.60624 13.25101 12.96604 12.43153
13.41915 13.12149 13.64529 13.06939 13.256
13.5535 13.833 13.3775 13.41558 13.97345
12.00238 12.47246 12.86999 12.5307 13.53219
13.42663 13.66411 13.87495 12.70579 13.08535
13.13294 13.62436 12.34979 13.92162 12.66944
12.76662 12.42074 12.32463 13.63895 13.6323
12.05567 14.09897 13.55368 13.72673 12.85154
12.23892 12.62583 13.49355 11.24244 13.11944
13.69692 13.868 13.84807 13.22221 13.14583
11.89487 13.48639 12.71313 12.58745 12.20584
13.20395 12.24839 13.27653 12.94646 12.96782
12.89983 14.0339 13.5246 11.77841 13.00003
13.00121 12.19626 13.53815 12.26894 12.98596
13.5031 12.37313 12.91305 13.22445 13.75716
13.11228 12.9137 13.19998 12.44662 13.66996
13.402 12.69046 13.38979 12.31563 13.26569
11.40146 13.44796 12.25781 12.82494 12.49067
13.00737 12.90581 13.23693 13.08579 12.48351
11.50711 13.94176 12.3573 12.68595 12.4944
12.15758 13.05027 13.23293 12.04912 13.45534
13.32859 13.55894 12.99061 13.26454 13.17258
12.8302 13.46083 13.20094 13.10674 12.80015
13.04203 12.32269 13.9672 13.95401 12.78021
13.42179 13.25533 12.82194 12.78505 12.87971
13.89479 13.6214 14.69188 12.62535 12.47295
13.31936 12.34589 12.85785 13.29753 12.53587
12.45654 12.97535 13.6055 12.67267 12.59524
13.60341 12.38823 12.9011 13.20177 13.3744
12.74127 13.19601 12.65824 13.61381 13.23461
12.80007 13.20879 12.42254 12.95506 12.42119
12.35419 12.59423 13.81357 12.61414 13.58942
12.16734 13.57743 12.9158 12.89158 13.26056
13.47925 14.16912 13.0117 13.04619 13.70566
14.15617 13.30034 12.32982 13.66949 13.658
12.22399 12.70657 13.32584 12.97118 12.54885
12.95945 14.38625 13.59787 12.64783 13.41604
13.49912 12.21692 12.77669 13.1883 12.92703
13.97413 13.1235 12.60013 14.34546 12.7185
12.32077 13.02406 13.01749 13.31367 13.61559
13.11994 12.80002 12.25892 12.86782 12.95595
13.22368 12.9493 13.69688 12.65523 13.79316
13.09515 12.83473 13.85654 12.04908 13.66292
13.25347 13.04039 12.71904 12.8264 13.38375
12.84483 12.95527 13.74894 13.32109 13.38283
13.47724 13.37732 12.79505 12.87688 13.25408
12.5693 12.30259 12.97641 13.33082 13.77133
13.76594 13.25176 13.25303 12.36747 12.31847
13.67649 13.66962 13.23115 11.65806 13.01174
13.57537 13.6046 12.68922 11.85978 13.36253
12.84693 12.94411 13.64611 11.65624 12.76071
13.04615 13.59738 12.7822 12.66343 12.72386
13.30154 14.23168 13.00673 12.98219 13.43945
12.77468 13.83249 13.24771 13.6198 13.28267
12.07154 13.43379 13.25598 13.146 13.52722
12.16462 12.18826 13.35869 12.5658 13.3016
12.08574 12.07942 12.32359 13.45987 12.03021
14.16598 12.87942 12.52412 13.29205 13.50431
13.03536 12.42774 14.02817 13.94567 13.74386
13.22863 13.47015 12.36659 13.32812 13.18044
13.27887 14.11007 12.7492 14.10518 12.26183
13.36473 12.29246 11.42083 13.09455 14.38952
