6.3868458
5.2659949
3.4761256
5.7270575
2.5609017
4.3369852
3.9621425
3.3823731
3.4092356
5.7143286
3.576393
2.8213838
4.6906453
2.3997068
5.1378975
6.9295508
5.2042994
4.1872189
4.5427415
4.1583461
6.1614282
6.3875751
4.4563322
2.8559367
2.5107806
4.098476
5.7368845
3.4868226
6.3485607
4.8562947
4.0482919
6.5525562
3.3184681
5.0860793
4.3900125
2.494704
1.7128298
3.4328728
2.3439404
5.2716132
6.2005005
5.1935783
5.908654
3.9326299
4.5316238
1.2030513
2.6188862
7.5517371
2.0505518
5.0989937
3.3956877
4.7225574
2.9866082
1.947979
4.3405307
4.5770656
1.5516824
4.2754588
7.2045119
3.0407933
4.2175705
4.1721391
5.9045782
2.3527634
2.2941076
4.2217784
3.2493886
2.8768711
3.9908588
1.8652969
6.042621
3.1228052
4.9154166
4.057835
1.8071617
0.9603569
5.2939017
4.5066694
3.8471195
4.1399351
3.2209745
4.5172533
7.5245711
1.4715092
4.8372665
2.9353317
4.4093068
5.8640891
3.9563906
3.2978569
4.971945
4.7083882
4.8985302
2.5159838
3.0258919
5.091128
6.450869
7.2734
2.7413438
2.9396729
4.300928
1.3495564
4.276144
3.0851179
5.4779333
3.6919142
2.320796
3.791742
4.3181399
4.7752179
2.2916601
2.947025
3.8537877
2.5784988
1.6656912
4.0219748
4.1125366
2.5699809
3.4521269
0.8930362
4.9841174
3.2226321
4.1228207
3.4067145
3.057245