0.08426219 0.9194184 1.229219 1.229173 2.961811
0.3682457 -0.1640242 1.17578 0.8886185 -0.4712019
0.8264172 -0.1580263 -0.08342566 1.671605 1.603897
-0.2480933 -2.309674 0.5220898 1.472708 0.2058998
-1.44205 -0.333379 0.6495672 1.209069 -0.6850788
-2.301948 1.439427 -1.184575 -0.4650223 1.499414
-1.973502 0.5656367 0.4452313 0.7575717 -0.5417978
-0.2544 0.6866402 0.9202674 -1.357332 0.4728175
1.697231 0.08196364 0.9334171 1.239597 0.3918133
-0.88418 0.3469662 -1.331805 1.437652 1.081151
-0.2098308 1.560631 -0.1066823 -0.4816117 -0.08570277
1.044319 -1.364903 0.9026655 1.116619 -0.6565834
0.781395 -1.0666 0.6857394 0.8502359 -0.658305
-1.296156 1.999399 -0.1416177 0.1307516 -0.01799465
1.963117 0.5188081 0.3808948 -1.167821 -0.4889055
-0.1663452 0.08327274 -0.3553899 -0.4548907 -0.6194607
-1.555869 -0.1611142 0.8500131 -0.90399 -0.06250328
1.223772 1.063682 0.2292597 0.5355572 -1.18768
0.6951415 -0.8164994 -1.481738 0.2812733 1.186582
1.162987 1.28576 -0.002317526 1.504457 -0.3898343
-0.2939154 -0.4035978 0.8629041 -1.697965 2.137712
1.195994 -0.4163711 1.352692 -0.4841167 0.6248253
0.04126411 0.1405625 -0.611491 0.6988112 -0.1637547
0.2392874 2.240892 0.8022233 0.4257249 2.102388
0.5612085 1.248598 2.019108 0.5272309 0.00819828
-0.1638791 2.194484 0.4161012 1.377539 1.607483
1.826055 1.561544 0.8300481 0.1097794 -0.6169284
1.375004 -1.415693 0.8124837 0.9202846 1.953564
0.5789787 0.5000608 0.1756052 1.49453 0.6287679
1.74373 0.1195554 -0.4321957 -0.2409715 -0.4618792
-1.055788 -1.151809 0.4423238 2.056573 0.09180951
0.7920049 1.823596 0.08134786 2.302488 2.000697
1.268895 1.415744 0.6297514 0.6959133 -1.072201
-1.150739 0.9667418 -0.9402806 -1.285092 1.11494
-1.534825 -0.184464 0.04330412 -0.3555688 0.6667376
0.6162468 0.2925572 -0.7469198 -0.7823393 -0.7974541
-0.3055038 -1.063725 0.6068495 -0.9925868 -1.465234
0.435232 -0.1504796 -1.446019 0.5784602 0.5659911
-0.8646037 1.886041 1.482079 1.021376 0.1283679
-0.7742372 0.0348997 0.4042399 0.7141914 1.50615
-0.8885345 -0.4584202 -0.05023661 1.051673 0.3103206
1.421839 -1.769881 -0.006129989 -1.301418 2.277871
1.849797 0.6673364 -1.577429 1.285072 1.788874
1.042514 1.047844 -1.352914 0.1445391 3.230956
1.75545 2.347657 -0.9350568 1.778557 -0.3951181
1.168285 1.225093 1.183123 1.77308 -0.6216279
0.8959581 -1.208485 2.72805 -0.7984912 0.8182179
0.4165846 1.259942 0.7156191 2.277304 1.098494
1.025061 2.401704 1.29812 1.069913 0.4992655
-0.2930843 1.522657 0.09845204 -0.6024805 1.036882
0.3900032 -1.558807 -0.3503443 2.045371 0.1956442
-0.1318757 1.862987 1.652712 0.4269688 -1.451819
-1.025096 0.1901252 -0.5181458 2.308857 -0.3598768
-0.2693067 -1.457863 0.9309293 0.8059161 0.5138872
-1.533444 0.1622844 0.3523539 2.25362 0.8922213
0.08882538 0.185159 0.4916306 1.487163 1.714026
0.4679338 -2.251321 2.286486 0.911486 0.1468681
2.405076 1.048072 0.5962161 -0.2941585 1.138108
-0.3584263 -0.04956887 0.6408796 -0.06760293 0.3967501
0.9643064 -0.9121359 0.4608777 1.017835 0.3718086
0.540332 0.3862345 2.10427 -1.065869 0.4547528
0.6705061 2.276213 -0.03915562 0.5789259 0.0745025
0.7971452 -0.3718232 0.08948664 0.8033921 0.8572624
0.5426378 0.1239443 -1.679614 1.504817 -0.1194376
1.320508 0.6013674 0.2890197 2.869719 0.3648369
-0.2873241 2.555979 2.207876 1.141379 -0.3008675
-0.524916 0.7747302 -1.906797 1.383974 2.827703
0.4666822 2.047838 0.5355802 2.328768 -1.026476
1.45104 1.221614 2.849751 -0.317266 -0.1575878
-1.344375 -1.351325 0.64585 -1.073217 -0.6555619
-0.1139678 0.7856755 -1.996012 -0.6581729 0.1124676
0.720162 0.9536685 1.21868 0.8828984 1.842397
-1.010172 2.239903 -1.487935 0.7776005 2.279865
-0.3622483 1.966276 -0.8801705 -0.008991728 1.181226
1.176096 2.069619 0.4733102 -0.3691383 0.8699445
0.3527326 -0.2205988 0.6430013 0.6056412 0.6996658
1.209628 -0.3523764 -1.757491 1.761753 1.779143
0.448957 0.1645925 1.198295 1.542733 0.08291217
-0.4484807 -1.234808 0.152463 1.27794 0.7660837
2.453557 0.2261956 -1.006891 0.3302704 -0.3822327
0.5298536 2.055923 -0.4957092 0.02150566 1.691399
0.3947136 0.6839881 -0.09298844 0.03789436 0.9386085
0.2974062 0.5516437 -1.622635 3.176285 0.5042119
1.065221 1.438569 -0.6979617 -1.448558 0.8928749
0.9856078 0.6096694 1.006956 0.1928971 0.5491379
0.2999 -0.1694414 1.559761 -0.726968 1.140156
-0.3809517 0.3493847 1.80463 -0.8699584 0.02385368
0.9480549 -0.9663885 0.238107 0.7339518 1.59235
0.8855297 0.2704429 -1.052632 0.8065759 0.9223776
0.1616277 -0.3337282 0.6660051 1.213327 0.7315794
2.223107 -0.5319825 0.6737668 -0.8645254 1.067839
1.129265 -0.3358305 0.4422064 -0.8455727 0.9688426
-0.3650148 -0.1363048 0.1300575 -2.183536 1.053602
-0.3931022 -0.009012782 2.030672 -0.5501224 -0.7002769
0.3229744 -0.2411824 1.250017 -1.374281 -0.2054568
0.3635035 -0.9905439 0.4395841 -0.8422865 -0.1784746
0.7376342 0.1554273 0.006492319 0.9342597 -0.8961605
0.3254293 1.008332 0.1073918 0.3581284 0.4059852
-0.9876129 2.024284 1.502937 -0.9693168 0.9270896
1.4279 -0.100018 -1.407436 -0.1553367 -0.4036608
-0.1283465 1.065446 1.172719 1.041001 0.7195416
-0.09596814 -1.687608 -0.9359445 0.01988015 1.421727
-0.4418966 -0.5874766 0.3030524 0.4259686 0.9776665
0.231031 0.392448 0.4423943 1.973535 0.0722211
1.179373 2.550635 1.089145 0.3303668 0.09848548
-0.4519698 0.05841748 0.3113582 -0.7640027 0.5946187
1.200023 1.199562 1.709168 -1.168602 1.955736
-0.8207096 0.164231 1.31201 0.5611559 0.6709757
0.5053143 0.2634549 1.089172 1.431344 -0.2926623
-0.2390543 0.5074516 0.4266019 0.1489337 0.7501427
0.5927938 -0.6066263 0.1742996 -0.08626608 -0.6357855
1.926032 0.2240931 -0.7614785 -0.5039702 2.222921
-0.4435513 1.292 -0.5299494 2.050364 -0.8278894
1.676632 1.43687 -0.08789842 0.4017665 0.9706647
1.403473 -1.97037 -0.05153967 -0.3704659 1.349375
1.121917 -0.6924173 -0.7332414 -0.07097833 -1.243856
-0.3139034 -0.8312806 -0.4744724 -1.371903 -0.004476696
0.9194017 0.2132532 1.634012 -0.3999546 1.234256
0.7636812 1.534163 -1.650617 -0.746332 -0.5440921
0.2025681 0.2657225 1.896341 2.461531 0.5024737
-0.779599 1.439417 -0.02426607 -0.9649586 -0.5524232
-0.2867927 1.119697 -1.306212 0.3533127 1.273103
0.2899521 1.406262 1.444473 0.7152915 0.2648018
-0.4790826 -0.6542218 0.8984667 0.5472996 1.419847
0.09307295 2.518996 0.6471518 2.25524 -0.2202429
1.335419 -0.2661542 0.5892785 0.962261 2.819685
1.431448 -1.146172 0.7608005 1.378532 1.716254
-0.1634345 -2.008498 0.2748625 0.3094524 -0.313304
1.91578 0.01364537 0.7374548 1.567287 0.4211467
-0.3966351 1.003781 0.06249387 0.3705194 -0.1645765
1.420287 1.641079 -0.2092698 0.4788595 1.204043
0.9891839 -0.9944107 -0.147819 -0.2634754 1.485295
0.3523325 -0.06687867 0.3772591 0.1260327 -0.6398529
0.8123552 0.1453085 -0.9110877 -0.8081359 -0.04487252
0.1231306 1.265489 -1.351816 0.9670201 0.5766539
1.816846 0.1620592 0.555355 1.825613 -0.05816125
1.786476 -1.395439 -0.7967631 1.71919 0.6816979
0.118077 -0.04381505 0.9523592 0.5465849 0.4671437
0.8856976 0.4290687 0.2854187 0.5460649 -0.3590145
0.973026 -0.3048626 0.5825821 -0.3666311 -0.1203369
-0.4436703 1.444081 0.02759696 0.5431678 0.7206599
-0.7268296 -0.4906546 -0.09033095 -0.5702406 1.376374
-0.3008527 0.00916396 -1.552473 -1.62097 -0.08220459
0.03556783 0.03156611 0.08531776 0.2786984 1.386886
1.626767 2.049366 0.6409079 1.646248 -0.2092142
-0.04167327 0.3131639 1.009615 2.707266 1.006654
0.8552423 -1.184552 -0.3190263 -0.1356453 0.3909626
1.391655 0.8103231 0.1402251 0.06284957 -0.2077337
-0.543016 -0.08272255 0.06026309 -0.6692213 1.087394
-0.8310545 2.965548 -0.401658 0.6362193 0.9120096
1.150464 -0.4321663 0.0218435 0.8815149 -0.9008713
0.9312331 0.1936875 0.9264103 -0.3277284 0.792526
1.015879 0.5237174 1.173663 2.040111 -0.519577
1.540345 1.067475 1.219002 -0.6805656 -1.432227
3.020182 -0.08899715 1.001616 0.7959562 0.2062522
0.9678471 0.9720512 -1.282025 0.4334027 -0.7927352
0.8296621 0.571366 0.4922676 1.120838 -0.9353272
0.6436186 1.177546 0.7005841 -1.043833 0.03061504
0.329909 -0.6088781 0.3509405 -0.2788485 0.3791012
1.366016 0.6014242 0.01962104 0.320674 -1.572621
-0.6864348 -0.6291383 -0.9334727 1.587859 0.9206447
1.383692 0.4447318 -1.48549 -0.2858737 -0.2483356
0.9726176 1.3152 -0.110469 0.006105965 0.3991193
1.377748 0.5188392 0.7579541 0.8711175 0.1042779
2.117031 1.666797 -0.9247755 1.562837 -2.109527
1.361402 1.290332 0.7435784 -0.1493183 -0.7601609
0.7437561 -0.2901622 0.2195791 -0.6159745 -0.5226455
1.153669 0.09043875 -0.5923019 -1.475778 -0.8425032
1.361877 1.254501 -0.2787132 0.1985853 -0.03202477
1.000287 -1.104717 -2.267747 -0.637641 0.1322527
0.9144634 0.02401884 0.03894373 -1.471699 -0.8667095
-0.3615198 -0.1188214 1.242834 0.3789727 -0.1759006
-0.6305609 -0.2826562 -1.381803 0.4409016 -0.8428184
0.9295349 1.229647 -0.2754288 0.8848002 -0.1215788
1.462008 1.122338 1.527668 0.4436944 -0.6833836
-0.04051126 0.5225576 1.106269 -0.5930301 -0.134056
1.329242 1.67193 -1.356015 -0.2811759 0.2877549
0.358537 0.9088541 0.6036615 1.038047 0.2853064
0.3214392 1.498844 0.7317899 0.5594958 0.03756911
-0.8801861 -0.5537888 0.5889191 -0.335012 1.120422
-1.269523 0.3481588 -0.5087062 1.886852 -0.5660156
2.420854 -1.657012 0.5041987 0.1477868 2.022619
1.682768 -0.9792368 0.03996555 1.209393 1.219453
-0.9959837 0.60717 -0.4669193 0.9823937 -0.6127505
0.8586964 0.1824308 0.7808595 1.556586 1.592705
-1.798859 0.7127876 -0.2026046 0.4862486 -0.824967
1.029944 1.175894 1.505288 -0.2570385 -0.5997359
-1.373499 -1.506106 -0.8042444 -1.35427 -0.2594002
-0.5300934 0.7598459 -1.386603 0.08147968 -0.93
-0.3731707 0.4532723 0.02775724 -1.541595 -1.064017
1.555769 -0.8159734 -0.5223164 1.514806 0.3992437
0.6620717 1.174828 0.06023019 0.08073315 -0.1931409
-0.3181636 -0.8010407 -1.273081 1.573666 -0.3396616
-0.2994065 -0.7650268 -0.05059258 0.9903516 -0.1682621
1.435948 1.321319 -1.455634 -1.442235 -0.5095589
0.3681232 1.228197 -0.1759 -2.655541 -0.5636074
-0.5689074 0.09478498 0.03290192 0.2020577 0.263974
0.4671813 -0.7219538 0.07911838 1.037899 -0.4848872
1.099717 0.7606426 -1.927716 0.5705329 -0.3504947
-1.992161 -2.059395 1.885321 -0.2398074 1.039566
-0.2428148 -0.3988867 2.08332 -1.54703 -0.4712101
1.799294 0.9759528 -0.8293006 0.3782139 2.497036
1.078559 1.056006 0.5910408 -0.2261767 -0.338235
1.240664 -0.04284827 -0.9480882 1.253263 0.3123464
0.09427419 0.8438988 1.618945 1.883857 -0.5297227
0.1994737 -0.1759948 -1.170067 0.2474095 -1.274875
-0.981504 -0.784029 -0.8387334 -0.6769576 -0.06937711
1.017008 0.3828824 1.05915 -0.4699123 0.5168304
0.4389243 0.2655612 -0.4584051 1.211084 2.398525
0.161489 0.7586255 -1.892805 -0.4778475 -1.69189
1.86559 1.391194 1.170476 -2.003639 1.678535
0.5809574 2.633424 0.1177308 0.7781634 1.571233
0.2434551 0.3700823 -0.2197615 -1.367884 1.793748
-0.2604741 1.964427 0.1054457 1.129099 0.5700729
0.0143357 -1.414427 -1.836594 0.2509773 0.9262017
2.232339 0.9747578 1.524281 1.622501 2.002464
0.2770147 2.05277 -0.6948332 0.4252103 0.1621581
0.2288637 0.1464713 -1.087637 0.7111062 0.3646208
-0.7956342 0.5869946 0.6933855 1.815342 1.217204
-1.198846 0.7445839 -1.496695 -1.292035 0.5861747
1.763793 2.045205 0.09562732 -0.6970489 -0.7049444
0.3785728 0.4329916 2.725875 -0.1734381 1.162783
-0.6983652 -0.9846402 0.3141288 0.0692964 0.4714648
1.190629 0.7679614 -0.005264956 -0.3425899 1.053162
-0.5670541 -1.130132 -0.1618733 -0.05059406 1.347219
0.6761309 -1.322107 -0.9545458 -1.659683 1.038413
1.136004 -0.2436418 0.5069865 1.14579 1.556699
0.3805977 0.3749968 -1.811053 -0.05873221 1.714613
1.025138 0.3856686 1.320392 1.217791 -0.3611064
1.776141 -0.1262815 0.2862157 0.4006808 -1.456733
-1.110061 0.5369594 0.358203 0.7987117 0.6101249
-1.197161 0.2500544 0.01690943 1.789271 0.6791916
0.9699637 1.284992 2.284289 0.3407335 1.482527
0.1318754 2.130897 -0.875186 0.5261821 -0.1973012
0.01980261 1.663873 -2.090743 0.4813263 0.3105514
1.497486 -0.3876479 1.527724 -0.1392094 2.406458
1.571618 -2.037766 1.811508 2.505327 -0.8568382
0.8015834 2.446481 -0.642772 -0.1850732 -0.1669972
-0.1734526 -0.9090822 -0.5222829 -0.7894729 0.5103204
0.5335017 -1.008503 1.05094 0.6881513 -1.242827
1.512025 0.09411691 0.7173486 -0.6728958 -0.09393058
-0.6501112 -0.01169578 0.6323008 -0.7612447 -0.4550771
1.223572 -0.4163667 -1.231153 -0.6217058 1.21951
0.07733167 0.9555497 0.2808528 1.795123 -0.8265816
0.0176665 -0.1391798 0.1699009 -0.4293972 -1.626225
-0.5239315 0.6737063 -1.006855 0.9669549 0.6483308
-0.1187598 2.270148 -0.8039779 0.1338454 0.2732406
-0.1375401 0.01621168 -0.8744567 -0.6960702 -0.4198801
1.300826 1.682513 -0.1026052 -1.943217 0.8723828
-0.2105513 -0.5271011 0.622138 0.3188379 -0.8866719
1.285956 -0.8735216 2.108095 1.220426 -0.1174026
-1.062125 0.5676324 0.6663738 -0.1609405 0.5334049
-0.5197955 1.125197 -1.052878 -1.286978 -0.1095239
0.9548192 0.4259023 -0.2426549 -0.2940413 1.510484
0.7184715 0.5780878 -0.9223522 -0.2828766 0.9415364
-0.7661318 1.604131 0.3289095 1.066464 -0.5180945
0.8426933 -0.3930863 0.605011 0.03055371 1.492064
0.5387493 -0.05852412 1.041492 2.202315 -1.030365
0.2680524 0.6195116 -0.8867034 0.4137466 -0.01664076
-0.7633742 -0.3259106 -1.784799 -0.9162278 -0.6914077
0.1190448 -1.576625 1.086864 0.05974046 0.7019592
0.4118415 0.1449819 0.6906717 0.4122114 0.5064694
1.907607 -0.9346613 -0.4672879 0.2645211 0.4559911
0.005701561 0.4816904 -0.07952883 -0.1722464 0.4188721
-0.542999 1.428862 0.8298374 -1.11172 -1.565678
-0.5109006 -0.06590538 1.039472 -0.06472516 0.2920858
-0.2010259 0.4225286 0.9756035 1.870706 0.5570161
0.5686749 0.4042984 -1.012867 0.5702255 1.73407
-0.9793289 0.6783924 0.1043778 0.7929021 0.4340763
0.3077304 -1.081744 -1.573783 -0.2183226 0.2879192
1.114157 0.4502748 0.9546168 -0.6604218 1.517791
-0.0709785 0.8415087 -0.3522128 1.308566 -0.3648489
-0.8546367 1.439073 0.9996222 1.090058 1.464555
-0.09452926 -0.2113566 -0.6454254 0.3020188 -0.1153343
-0.2580441 0.4505245 0.9307192 -0.2024709 0.1094147
-0.2142055 2.77214 -0.6419315 -0.2434164 1.299971
1.566836 1.203475 2.490777 0.7641142 -1.121843
-1.350337 2.301029 1.306182 -0.06718651 0.229753
0.3991893 0.3313751 -0.6177836 -0.6957581 2.475086
1.270199 1.255942 0.8034403 0.4284441 0.2871352
-0.5724338 -0.4851343 0.4883145 1.12797 -1.675691
-0.07466327 0.8252207 -1.400547 2.685492 0.9548445
-0.2556705 0.8067142 1.615071 0.4203404 1.916278
-0.6123017 1.718828 -0.4357549 1.035351 0.8332669
-0.3620834 0.3116964 0.9209692 0.3504614 0.799723
1.806509 1.326747 1.588306 -1.440385 0.2391439
-0.8703982 -1.108927 0.6784725 -0.201007 0.5277969
-0.9858613 1.06534 -1.535461 0.2438144 0.8684949
1.87174 0.4201571 2.2143 -0.07956829 -0.3214552
1.593572 0.5516175 1.010351 0.324766 0.4002207
0.005284402 -1.122841 -0.02051304 -0.3516658 0.3815056
-0.4151375 1.062155 1.068832 1.54776 2.433427
1.019249 0.1931653 -0.2407818 -1.33395 -0.2639967
0.008800147 -0.4905477 0.1982394 1.080521 0.09688725
-0.8378312 1.322876 0.7525427 -0.1070789 0.07517318
-0.5990848 -0.002401088 -0.3570895 0.4965199 1.486662
-0.1232906 -0.3552231 0.3262611 1.517795 -0.4816948
-1.319497 -0.422541 -1.257421 -0.7327568 0.9949076
0.1536213 0.2337764 -0.4161405 1.624006 0.3538778
0.2309597 1.315803 -1.206253 -1.138906 1.465303
1.149085 1.848167 1.479323 1.598372 -1.136999
0.2904768 1.203916 -0.2281548 0.1335367 2.044738
1.16139 1.731076 -0.1949339 0.8788927 -0.6414708
0.9393229 -0.2726499 0.0866952 -1.312196 -0.06272136
-0.8260481 -0.5089942 -0.4645595 1.02491 1.103415
0.01624983 -1.424927 1.12579 -0.3026725 -1.131677
-1.5403 -0.4364807 -0.9704288 -0.1704538 1.052454
-0.5024179 -0.1860489 -0.4361753 0.9562943 0.605637
0.4066162 0.04905878 -0.2608695 -0.3977532 -0.5235183
-2.461764 -0.8617417 1.001273 0.3443934 -0.4113388
1.523549 0.3860412 0.611161 -0.5509169 0.4418627
0.4988038 -0.4246156 0.6333235 0.1691653 2.027454
-0.1884126 1.133666 0.724762 0.8610006 2.049556
0.4865352 2.315854 0.5261054 -0.5958697 -1.427843
0.9320061 -1.565921 -0.4992139 0.5142681 1.120379
1.698086 -0.20016 0.8388776 -0.7903028 1.397235
-0.5853843 1.283759 0.03004326 -0.7070641 0.3123303
-0.8777761 -0.6183957 -0.3249976 -0.07306195 -0.06754131
-0.6330879 -0.1825109 -0.5098739 0.216699 -0.0185385
-0.2687657 2.234789 0.9293427 0.4275905 0.7565208
-0.2880559 -1.535579 0.9550469 -0.1611661 -1.036568
0.4035379 1.008417 -0.5149149 -0.240115 -1.698151
1.205758 1.539466 0.6591462 -0.3009337 -1.244814
1.761377 -0.1890641 -0.1516261 0.4981093 0.1246291
0.8565057 0.2812855 -0.9574094 1.649047 1.140633
-0.4744381 0.7452594 0.233002 -0.8040253 2.861297
-1.05435 0.1115977 0.2821517 0.7247761 0.6691694
-0.4046179 0.0299156 0.7548634 -0.4269901 3.424015
0.9207463 0.5953446 -0.6194077 0.4774087 0.0271022
1.919149 0.8976044 -0.5173223 -0.4706093 0.4016708
2.182967 0.7935636 -0.05014067 1.777627 0.04679402
-0.3491445 1.313871 1.475087 0.5228236 1.318931
-0.123995 1.300555 1.008454 -0.7159786 -0.9301529
1.344444 -0.4211952 -1.471494 1.488832 1.623468
1.485662 -0.950117 -0.9843461 3.539379 2.611701
1.854477 -0.04771787 1.70093 0.3808125 -0.4955326
1.659205 -1.532913 1.033327 -0.01278211 0.545984
0.9446526 -0.640692 0.2321866 1.192565 0.961355
-0.8323656 0.474055 0.3637984 0.7662071 1.000999
1.120652 -1.078288 1.083678 -0.4406879 1.015604
0.6257322 0.6353506 2.417088 -0.9049419 2.288976
0.04683405 1.368973 -1.26229 1.535587 -0.02861412
1.031602 -0.6709556 0.8693058 0.2247701 2.00537
-0.4716602 -0.2093567 0.4338848 0.4384645 0.428569
0.9671699 0.5490115 1.623843 0.8644412 2.605735
0.561966 0.008050154 1.003395 0.5196819 0.2436168
-1.89961 3.252783 1.641744 -0.7482566 0.2777008
-0.25952 -1.21502 1.077934 0.5273156 0.5794898
0.1849188 -0.5916661 1.374756 -2.156572 0.08426456
0.9326369 1.105336 -1.21738 0.1605353 -0.896097
0.3829443 -0.7716625 1.01055 -0.05148554 0.3118609
0.1318048 -0.5119496 0.3308761 -0.3463875 2.628816
-1.864013 0.3274434 0.7480609 1.231449 -0.1190652
-0.4005316 0.3101436 -0.445388 -1.400919 1.258417
-0.2200653 1.484948 1.043622 -0.6050167 0.3676107
-0.6454476 -0.618677 0.7200483 -0.7212342 0.3434062
2.230321 1.033314 1.597162 0.2539278 0.428271
0.06589193 1.223438 2.154239 0.1793925 0.3106882
1.552119 -0.3012627 0.4479843 0.4568459 -0.6877347
-0.3145987 -1.12569 0.09283492 1.581349 1.688897
0.299949 -0.6499845 -1.815545 1.017466 -0.0245299
-0.486722 0.7994381 0.4219918 -0.8169981 0.2707808
0.9980831 -0.9333485 -0.6684419 -1.767133 0.563815
0.3062839 0.1717075 -1.245596 1.067513 0.298691
-0.2705991 0.9669544 -1.10213 -0.1847362 0.7191352
1.150379 0.4238796 1.722348 0.5114236 -0.1881212
-2.588284 0.8124161 0.7973485 -0.2346735 0.08044992
1.406942 0.01911581 -0.7237618 0.8013312 -0.6575216
1.132479 1.49242 -0.2712061 1.675693 0.6606869
0.1024158 0.8623765 -0.5266924 1.456619 0.1183203
0.5128034 0.44669 -0.4311944 1.707898 0.8623009
-0.4131259 0.06402914 0.2849503 0.1410039 1.004139
3.48864 0.8439841 0.4048036 -0.4003665 1.816821
0.807543 0.1804641 -1.481572 0.5225301 -0.5559703
-0.1926715 1.153277 1.962251 -0.1974659 1.141306
-0.6816611 -1.222017 1.168615 0.3067086 -0.1813437
1.43986 -0.3838643 -0.01631481 0.1083456 -0.5009528
1.664541 -0.6933483 0.8356369 0.7241249 1.358481
0.2971394 0.5172823 1.672701 1.087783 -0.8118667
0.6833613 1.982548 1.703864 0.5732888 1.312666
-0.6495115 0.7242859 -2.097333 0.2490443 -0.969864
0.4923723 0.4774131 2.643897 1.129136 -0.9529926
0.7320686 1.506154 -1.421355 0.9875326 0.7674784
0.9685711 0.7348339 2.668944 -0.3714941 -0.0445923
-0.3406987 1.656397 1.237599 1.209061 -0.04519705
0.7153718 3.657328 1.232434 -0.2702627 0.7170168
-0.1147844 -0.4070427 0.6281008 -1.07175 1.423326
-0.2274364 0.3543987 1.730455 0.2128733 1.09728
1.519818 -1.129264 -2.02875 1.150987 0.2013212
0.3337725 0.9245631 0.4094128 1.167344 0.5648977
-0.138645 0.824373 1.067932 1.281455 -1.136425
0.1252982 -0.488812 0.5440197 3.231315 -0.926135
-0.8200613 1.942703 0.06933041 1.852569 0.3754578
0.393514 1.690823 1.477519 -0.5629328 -0.9047982
-0.1286626 -1.939789 -0.06335347 -0.1119604 1.538386
0.3349309 0.1001162 0.04707422 1.24841 -0.09390188
0.8697089 0.1945272 0.2954369 -1.460022 0.4637727
0.4312338 -1.979857 -0.08356454 -0.01295561 1.337212
-0.2113224 0.5827414 0.4157097 -0.07378238 0.2345123
0.7828814 0.4250152 -0.2605771 0.9418338 1.675076
