4.514232
6.2499
2.08355
5.625567
4.188302
6.941585
3.948235
4.36628
6.113158
4.110621
3.521854
5.189055
7.349632
4.853429
6.16705
5.861406
3.913434
4.110523
1.744556
4.064963
6.33079
3.662683
4.950151
3.382385
3.314108
5.176729
6.586097
6.76631
4.719451
6.66854
1.265432
1.509877
3.344374
4.967428
4.812195
3.06445
3.964142
4.759054
5.58341
6.287616
3.405674
6.113535
5.355098
4.272443
4.519919
4.042203
8.484013
1.483992
2.907565
4.893593
3.377617
5.274279
7.040776
4.081492
5.826571
4.358918
4.88679
7.759944
7.126448
7.148542
6.420007
5.658366
6.580216
3.543148
3.70296
3.959236
4.130155
5.662805
3.966546
5.932783
5.319226
7.215674
8.384533
7.022981
3.196919
5.094612
6.515634
4.74177
5.469462
3.72344