-2.641485 -0.3958899 0.3953833 -0.1827208 -2.697863
-1.140486 1.55524 -3.456545 -1.684803 -6.049988
-0.5065324 -0.2131875 0.4067379 -0.5515694 -3.249606
0.4998773 1.04013 -0.1582814 0.3422659 -1.76758
1.219885 0.5553801 1.661338 0.8490033 0.9926698
-1.212248 -0.6521286 -1.580117 -0.2451827 -0.1614567
0.8719418 2.297069 0.5329451 0.1669506 0.5571996
-1.64585 -1.222685 -1.357973 -0.06273719 -0.9319732
0.09996918 2.329481 1.521313 1.154438 -1.801005
-0.6816902 -2.21736 -0.5034702 -1.172103 -0.6801267
0.2687926 0.1930276 0.668915 -1.276446 -0.2426562
0.3171485 -1.122633 0.7441273 1.023619 1.144252
-1.030763 -0.5285408 1.315967 -0.05588114 -0.8663187
-0.2358346 1.166915 1.125169 1.346326 0.01473118
-1.130917 -0.6014584 0.3630835 -1.670396 -0.468801
-0.06726317 -1.100033 -0.4075194 0.6517779 0.2978984
-0.3604399 -1.890422 -0.4696231 -0.07395866 -1.343858
-0.4617852 -0.003588316 -0.2378784 -0.3250672 -0.5202608
-2.005862 -0.4614404 -0.3549549 0.4116961 0.416076
0.5833256 0.4033442 0.851867 -0.6732692 -1.165334
0.1334677 0.334658 0.1135849 -1.728161 -2.572708
0.6081481 -3.435109 -0.4690236 -0.8520866 0.1021374
-2.981295 0.2849198 0.1582219 1.413027 -1.052234
-0.3922508 -2.19279 1.412828 0.08387829 -2.623116
-0.03355453 1.684864 -0.7792867 -0.1506338 -0.08202182
-0.6858259 2.145572 -0.5781513 -0.01563046 1.552804
-1.514893 -2.914581 0.189169 2.003837 2.274366
0.3367639 -0.1652773 2.063243 0.573326 -0.8044309
0.4160731 -1.141688 -1.1992 0.9487945 -2.769228
-0.6296937 0.8052638 -0.7499193 0.09649939 -3.300414
-0.504666 -2.6795 0.4332704 0.3662855 -0.03115582
0.8851181 -1.567958 2.370351 -1.12674 -0.1320504
-0.9724703 -0.977272 -0.1684003 1.120886 -0.2600242
0.2314574 -4.104306 -0.2836916 -1.473975 0.9267686
-0.8118155 0.04729391 0.2099652 -0.6783685 -0.3131611
0.552498 -1.190363 -0.1544974 -0.1394379 2.315073
-1.733198 0.772388 0.3984742 0.2299442 0.5214296
-1.332866 -0.04255718 -1.235335 0.2297326 0.5377764
0.2550602 0.959659 -0.3232574 -0.1711439 2.171718
1.283457 2.837471 2.723216 1.907019 1.574806
0.1813705 0.5986251 0.6093013 -1.349286 -0.8656399
2.454394 -1.189696 -0.6308111 -0.02744235 -0.3794318
-0.9550955 -0.1783503 -1.818012 -0.2793358 -0.7239431
0.8152765 0.1421912 0.1966472 0.9409023 -1.548497
-0.1381235 0.6918802 2.027214 1.281983 0.2356269
0.4423718 0.1513176 -0.4209289 -1.0306 -1.012515
-0.8919028 -1.630576 0.01425074 -0.6996564 0.7597312
0.9349209 0.5417646 1.599872 0.8924083 -0.1582933
-0.3803592 -1.349143 -1.681459 1.8901 -0.04757432
0.2955235 -0.1312768 -2.223138 -0.1033481 2.285688
0.1722294 -0.5431387 -0.9991265 -1.034297 -1.03673
1.055696 1.845134 1.492021 -0.6697622 -0.3909579
0.1424764 -1.284838 -0.369474 0.3242728 -0.2512768
0.08983678 -2.363398 0.6210243 1.368092 -1.431056
1.774113 -0.6687818 1.869239 -1.461846 -0.1088398
0.0501683 -0.8877277 -2.300064 1.387116 0.06413878
0.2293977 0.2787948 -0.06862926 1.481553 0.7258258
0.5165145 -1.834478 0.4951415 -0.159488 0.7556622
-2.478505 1.82103 0.1490102 -2.353762 -0.6274633
0.4489385 -0.09144501 0.4611056 -0.6459994 0.5133097
-0.9477952 0.8167773 0.7675729 -0.4747189 3.224144
1.05122 3.616781 -0.8511883 -0.5545121 -0.2932822
-1.488073 -0.3545965 -0.450549 2.760545 0.5439683
1.119006 -0.3158542 3.385166 -4.642112 2.110497
-1.802125 0.7105338 0.8482531 -0.05264838 0.4529736
0.01948408 -0.8540179 -0.5160596 -1.312325 0.1095527
-2.209983 -0.01353289 -1.675557 -0.03591162 1.804826
-3.851524 0.4669918 -0.1772214 0.9182106 0.4083742
0.9623163 0.2542003 -0.06944172 -5.496746 2.07317
0.6885618 -1.199816 0.4405184 -0.587282 -0.7746613
0.02058268 0.6439813 0.4717692 1.50048 -0.7781026
1.941681 1.187844 1.083019 2.472557 -3.79682
0.6761237 -0.1117353 0.5122346 -2.053313 -0.2368529
0.02246934 0.3611053 0.1681201 1.428307 -0.6998918
0.2879136 0.8111581 0.8858816 1.377146 0.9842248
-2.032202 -2.270114 1.156494 0.9011123 -0.4499886
4.105952 -0.3027858 -1.767295 -1.021193 1.18516
0.94313 0.3453454 -1.03963 0.4205255 -0.1081826
-0.3001875 0.02752671 0.5153171 -0.6245801 1.059345
0.764089 -0.766555 0.2952858 -0.7629482 1.094464
-0.4355752 -0.5465714 0.2085165 -0.3545769 0.4310297
-0.2337361 -0.5514711 -0.7356528 0.6812253 -0.6141293
0.5249062 -1.721118 -7.379714 -2.245342 -0.6700201
1.162066 2.581611 1.737566 1.610355 -1.624349
0.05684797 0.6842034 -0.4614884 -0.4283235 -0.9611067
1.003696 1.115801 4.590309 0.8883199 -1.505154
-0.11904 1.410201 -0.6093429 -0.3402327 1.734684
-1.817938 0.003878732 0.5013085 -0.7748274 2.16171
-0.823534 -0.2268313 -1.478645 -4.428715 1.23816
0.1597866 1.591576 -1.820816 0.6042163 -2.384826
0.5853295 -0.01456278 1.121227 0.005671435 1.332903
-6.192774 -0.7861609 0.5151892 0.4249844 0.08382563
0.5177523 -0.2901438 -0.03818285 1.273398 -2.833606
-2.130793 -0.1398265 -0.2904103 1.846368 0.06723683
-0.1592227 2.802849 -0.8523163 -0.003946494 -0.180048
-0.7783029 0.3379609 -0.06963156 -0.5587344 -1.43743
2.233827 3.546654 -1.068273 -0.1464829 2.897342
1.038784 -1.091463 -1.653521 -1.615503 1.617117
0.2460304 -1.191228 0.786741 2.805524 -0.06176435
3.242398 -0.6682611 0.4966716 1.429882 0.6492488
0.6366382 -0.05703475 -0.1976216 1.300356 -0.3268884
1.263414 0.8394986 0.6000262 0.4544931 0.7246272
-0.4801148 0.9505944 -1.019658 -0.9471672 2.860713
1.339751 -0.6124789 1.599851 -0.0822282 0.06536088
-0.137945 1.547842 4.992336 -1.42566 1.930439
-0.2500516 2.605489 3.314941 -0.3453728 0.421186
1.155035 0.07311761 -1.45905 -0.8035782 0.1023035
-0.7649567 -1.441695 -0.5014263 -0.02877129 -0.2494975
0.1197871 0.1101044 -0.2502516 -0.5574168 -0.7634184
0.7922127 0.1052556 -2.820313 -0.1677696 -0.1736742
0.921907 0.426204 -0.1832876 0.3098944 0.2511677
1.060785 0.9250698 -1.345366 -0.7996236 1.569144
0.6537646 0.5253274 0.2194127 -0.4357394 -1.812106
-1.537323 1.269897 -0.4051919 -4.617628 2.29634
1.153255 1.524589 0.03111943 -1.080644 -0.7781186
0.8512842 0.06643906 1.011163 -0.3731989 2.905054
-2.470292 -0.4951989 -1.396372 -2.403661 -1.722672
0.03690605 0.157345 3.024592 -0.4433749 -0.5108531
-1.039852 -0.5674629 0.03628316 -3.896635 -0.01431713
-1.676018 -3.899408 0.22318 -0.04553916 -1.492134
3.71135 -0.6611966 -1.933423 -1.677058 3.114716
1.543646 -1.393521 -0.5974818 -1.434945 0.986032
-0.04286231 0.1409989 -0.4005814 5.172771 0.2372588
-0.9817887 -0.8490563 0.2240066 -0.7147927 -2.136006
-0.03767517 -1.065931 -0.8797346 -0.6679209 1.263495
-0.9828662 2.450608 -0.8090262 0.5018663 4.883803
0.2010666 -0.1280507 1.77764 0.7539506 0.6627194
0.7376936 -0.7585453 -1.09825 -0.6040014 1.92098
1.116723 -0.8393724 -0.3000552 0.3382951 0.09816421
-0.2573068 0.5140166 2.4117 1.057998 1.33875
-1.304752 -1.001295 -3.58596 -0.5074697 -0.08800609
0.4191939 -0.05987073 -0.7608588 -0.2313034 -0.9201873
-1.16485 0.1496072 0.8470302 2.020306 -1.116194
0.3119916 0.1842084 -1.161795 0.5678307 0.9096775
-1.751156 0.3810293 -0.5550332 0.155902 0.5787001
-0.503002 -0.1699027 1.875978 1.539216 -0.6135657
-0.006445415 -0.07982875 0.4906477 -0.7367445 -0.09558026
1.95187 -1.444246 1.874726 -0.5262847 1.160298
-0.1485399 -0.6168114 -1.211001 -0.1757642 -0.9745347
1.065268 -3.232737 -0.8759628 -0.2272511 -0.5480017
-0.6738841 -2.874803 0.06633421 7.826683 -0.2086058
0.6471822 0.4901581 0.5227576 -2.494388 2.101047
-0.643626 0.9016303 0.7024264 1.912159 -0.586353
-1.021105 -0.8727439 0.008469564 -1.743215 0.09717458
0.7893463 -0.0006709352 -0.1629612 -1.172332 0.6159044
4.408228 -0.1941704 0.284782 0.4380752 0.419166
-1.921179 -0.3739258 4.433454 -0.5051237 2.619987
0.9905726 0.002993807 0.2840266 -0.7878116 0.884786
0.04702594 1.974817 -0.8248376 1.207044 0.2801688
1.329802 0.6740121 1.085313 1.124037 -0.6598615
-1.007329 0.143107 1.797234 -0.03798369 -0.6173174
-1.05949 -1.303724 0.156411 0.1004621 -1.329146
-0.3954891 -2.655761 0.06231909 1.595468 -0.2702977
-0.1503171 -0.9522114 -0.5132647 0.9457243 -0.2808759
-0.6013749 -0.5800325 0.1575809 -0.0421343 0.7891719
0.5351265 1.17402 2.685588 -1.333329 -2.014842
0.6147556 0.4411524 2.718623 1.2197 -2.272154
-4.507681 0.05984289 -0.799454 -0.6031968 -0.4183923
-0.7392831 1.005433 0.3109349 0.4277925 0.5022792
-0.636507 -0.620041 -0.1902635 -0.6267151 0.9051083
1.794256 3.810915 -0.36782 1.635501 1.216622
0.5920155 0.7117528 -3.060356 0.06939283 -0.6001356
-0.2382187 1.762446 1.429189 -0.9241329 -0.7213456
0.2249922 -1.576925 2.309584 -0.9819062 0.5952369
0.7984879 -0.2974658 -0.70768 -0.4263119 -1.259003
0.5312779 -1.449099 -1.707702 5.185754 -0.2026741
1.108313 1.413453 0.7546753 -0.145695 0.7786885
-0.3520923 0.5231752 -0.2291247 -1.995453 -0.3152855
-1.182089 -1.109206 0.0195686 -0.2858943 -0.5875398
-0.4981896 -0.05362592 -0.7041269 1.571702 0.6816885
-1.227384 0.8638504 -1.670274 -0.643749 0.8741466
1.08107 0.6511707 -1.783138 -0.6525383 1.253777
-0.4247295 2.45354 -0.2614453 1.380236 0.1536603
-0.8499119 0.617516 -0.816478 0.177065 -1.90709
-0.0909302 -0.5970714 0.846648 1.115377 -0.3596239
-0.5480429 0.6347869 0.6083966 -2.005427 0.2155461
-0.2898011 -0.2975428 -0.2535372 -4.796879 -1.09761
4.532966 -2.219483 -0.02355899 1.008528 0.6207159
-0.2066459 -2.040316 2.009673 0.08445777 0.7498824
-1.560487 2.240603 1.515454 -0.9858594 -1.853488
-0.4015386 0.0365819 0.9482913 0.5925027 -0.7162883
-0.5077689 0.8573155 -0.06986982 0.9871697 0.5041849
-0.7587096 -0.9537618 -0.03448602 -2.480797 0.02612929
-0.3194691 -1.530029 0.433757 0.9329902 -1.104934
-1.686283 -0.4460073 -0.7395854 4.595933 -0.3324945
-0.6397359 1.647973 0.2125735 -0.2350769 -0.3370952
0.2877682 1.083765 -1.247128 0.5494962 0.4236937
-0.1738283 -0.3299268 -1.44279 0.9582889 0.6695928
0.2504693 0.9854433 -0.880477 -0.748455 -0.3266109
-0.6603925 0.9191749 1.468689 0.8731274 -1.245224
0.3889223 -1.331237 1.213719 -2.28372 0.4052194
-0.1882507 -0.7541221 -0.2227729 -0.9437923 0.336259
0.1475609 -0.5660827 0.9482922 0.1148678 0.6031657
0.8130763 1.03671 -0.2465849 -1.21628 0.941169
-0.8942567 0.2730681 -0.7361838 1.609417 -0.02058292
-0.3169317 0.8235024 -0.4872507 0.9426506 -1.713599
3.65021 2.435084 0.2401544 -2.002566 3.833295
0.1727093 0.3124595 -0.01544424 -0.1126721 -0.6085621
1.96564 4.338729 -1.415265 -0.7078703 -2.876643
-0.3198354 0.7837037 -0.06155916 -0.8500119 -1.247653
