0.01160048 0.02207868 0.02937596 0.03074017 0.03538905
0.04498734 0.04540762 0.0550637 0.06025011 0.06377041
0.06883787 0.07133068 0.07380395 0.07433494 0.08573069
0.1031607 0.1032171 0.1099209 0.1375754 0.1404354
0.1573173 0.1737014 0.1861228 0.2021954 0.2327367
0.2391366 0.288535 0.2914667 0.2945959 0.294935
0.3066091 0.3101086 0.3252276 0.3361455 0.3380985
0.343873 0.3736773 0.3911455 0.3951432 0.4093912
0.4167881 0.429414 0.4465 0.4931437 0.4989014
0.5084777 0.5130521 0.5379602 0.5431684 0.5485417
0.5700006 0.6164279 0.7089688 0.74665 0.7849866
0.8487376 0.8615441 0.8862407 0.8940436 0.8951601
0.8991238 0.9182855 0.9241859 0.9761693 1.006081
1.01034 1.185529 1.21204 1.238677 1.26023
1.282098 1.297373 1.301447 1.318409 1.350276
1.399672 1.418693 1.477827 1.493225 1.582253
1.612781 1.630041 1.630325 1.6667 1.671719
1.679508 1.705268 1.723308 2.021892 2.059328
2.086966 2.116779 2.174578 2.189141 2.263515
2.343051 2.392677 3.071934 3.277158 3.801505
